354 195 430 386 306 324 276 316 358 334 347 353 311 423 324 315 
275 249 335 386 348 350 300 255 332 327 372 290 381 321 306 344 
326 272 329 311 302 247 276 241 356 363 370 323 315 396 309 319 
398 335 419 486 394 437 350 421 401 387 398 371 445 426 402 420 
307 206 312 353 231 214 268 229 326 308 274 263 317 322 223 261 
362 292 350 372 284 367 316 337 337 279 319 237 333 289 291 309 
248 168 335 295 239 259 266 209 300 277 278 279 286 279 273 230 
191 211 224 273 237 185 231 192 219 290 210 220 280 243 240 213 
352 245 453 410 369 355 329 323 380 392 380 427 346 443 372 330 
329 233 378 434 358 370 343 301 403 308 416 354 392 390 325 342 
378 282 466 414 369 379 284 319 343 401 383 318 316 409 332 342 
377 321 414 432 401 332 335 335 347 319 396 370 429 437 349 402 
268 232 293 252 267 248 258 224 313 249 276 277 244 267 290 244 
340 257 412 432 317 349 383 310 403 391 372 376 378 377 322 315 
368 233 435 376 314 330 274 286 309 366 314 299 298 354 310 265 
291 173 350 313 280 273 301 224 315 304 308 316 292 314 308 240 
(naive)

354 195 430 386 306 324 276 316 358 334 347 353 311 423 324 315 
275 249 335 386 348 350 300 255 332 327 372 290 381 321 306 344 
326 272 329 311 302 247 276 241 356 363 370 323 315 396 309 319 
398 335 419 486 394 437 350 421 401 387 398 371 445 426 402 420 
307 206 312 353 231 214 268 229 326 308 274 263 317 322 223 261 
362 292 350 372 284 367 316 337 337 279 319 237 333 289 291 309 
248 168 335 295 239 259 266 209 300 277 278 279 286 279 273 230 
191 211 224 273 237 185 231 192 219 290 210 220 280 243 240 213 
352 245 453 410 369 355 329 323 380 392 380 427 346 443 372 330 
329 233 378 434 358 370 343 301 403 308 416 354 392 390 325 342 
378 282 466 414 369 379 284 319 343 401 383 318 316 409 332 342 
377 321 414 432 401 332 335 335 347 319 396 370 429 437 349 402 
268 232 293 252 267 248 258 224 313 249 276 277 244 267 290 244 
340 257 412 432 317 349 383 310 403 391 372 376 378 377 322 315 
368 233 435 376 314 330 274 286 309 366 314 299 298 354 310 265 
291 173 350 313 280 273 301 224 315 304 308 316 292 314 308 240 
(strassen)

354 195 430 386 306 324 276 316 358 334 347 353 311 423 324 315 
275 249 335 386 348 350 300 255 332 327 372 290 381 321 306 344 
326 272 329 311 302 247 276 241 356 363 370 323 315 396 309 319 
398 335 419 486 394 437 350 421 401 387 398 371 445 426 402 420 
307 206 312 353 231 214 268 229 326 308 274 263 317 322 223 261 
362 292 350 372 284 367 316 337 337 279 319 237 333 289 291 309 
248 168 335 295 239 259 266 209 300 277 278 279 286 279 273 230 
191 211 224 273 237 185 231 192 219 290 210 220 280 243 240 213 
352 245 453 410 369 355 329 323 380 392 380 427 346 443 372 330 
329 233 378 434 358 370 343 301 403 308 416 354 392 390 325 342 
378 282 466 414 369 379 284 319 343 401 383 318 316 409 332 342 
377 321 414 432 401 332 335 335 347 319 396 370 429 437 349 402 
268 232 293 252 267 248 258 224 313 249 276 277 244 267 290 244 
340 257 412 432 317 349 383 310 403 391 372 376 378 377 322 315 
368 233 435 376 314 330 274 286 309 366 314 299 298 354 310 265 
291 173 350 313 280 273 301 224 315 304 308 316 292 314 308 240 
(naive)

354 195 430 386 306 324 276 316 358 334 347 353 311 423 324 315 
275 249 335 386 348 350 300 255 332 327 372 290 381 321 306 344 
326 272 329 311 302 247 276 241 356 363 370 323 315 396 309 319 
398 335 419 486 394 437 350 421 401 387 398 371 445 426 402 420 
307 206 312 353 231 214 268 229 326 308 274 263 317 322 223 261 
362 292 350 372 284 367 316 337 337 279 319 237 333 289 291 309 
248 168 335 295 239 259 266 209 300 277 278 279 286 279 273 230 
191 211 224 273 237 185 231 192 219 290 210 220 280 243 240 213 
352 245 453 410 369 355 329 323 380 392 380 427 346 443 372 330 
329 233 378 434 358 370 343 301 403 308 416 354 392 390 325 342 
378 282 466 414 369 379 284 319 343 401 383 318 316 409 332 342 
377 321 414 432 401 332 335 335 347 319 396 370 429 437 349 402 
268 232 293 252 267 248 258 224 313 249 276 277 244 267 290 244 
340 257 412 432 317 349 383 310 403 391 372 376 378 377 322 315 
368 233 435 376 314 330 274 286 309 366 314 299 298 354 310 265 
291 173 350 313 280 273 301 224 315 304 308 316 292 314 308 240 
(strassen)

