226 392 306 272 290 304 351 272 185 345 333 328 209 304 320 312 
206 285 304 280 295 273 416 275 205 364 212 325 206 294 255 252 
170 246 165 211 257 193 363 214 101 299 238 239 196 303 171 205 
305 412 385 372 363 397 501 320 231 466 366 353 271 406 327 378 
268 393 253 309 265 320 427 296 152 423 325 281 341 388 254 289 
280 403 360 376 364 366 514 357 220 456 310 391 352 393 335 354 
351 402 403 406 413 468 565 382 287 455 352 414 337 417 280 395 
227 291 305 283 279 335 380 248 235 311 313 266 212 315 225 263 
329 389 432 291 370 407 475 294 220 438 340 337 231 375 340 372 
315 423 387 299 399 399 510 296 191 477 361 358 252 386 321 414 
205 192 249 224 239 234 371 196 179 306 191 250 151 273 203 196 
207 307 266 302 293 228 439 236 199 397 316 288 170 409 242 212 
364 437 390 389 409 400 597 288 196 587 367 397 307 425 268 345 
287 353 267 301 310 360 420 332 214 320 316 356 263 353 290 381 
350 418 392 354 391 444 544 332 274 460 422 370 239 384 312 436 
344 426 438 387 344 425 495 275 263 492 377 365 263 371 316 348 
(naive)

226 392 306 272 290 304 351 272 185 345 333 328 209 304 320 312 
206 285 304 280 295 273 416 275 205 364 212 325 206 294 255 252 
170 246 165 211 257 193 363 214 101 299 238 239 196 303 171 205 
305 412 385 372 363 397 501 320 231 466 366 353 271 406 327 378 
268 393 253 309 265 320 427 296 152 423 325 281 341 388 254 289 
280 403 360 376 364 366 514 357 220 456 310 391 352 393 335 354 
351 402 403 406 413 468 565 382 287 455 352 414 337 417 280 395 
227 291 305 283 279 335 380 248 235 311 313 266 212 315 225 263 
329 389 432 291 370 407 475 294 220 438 340 337 231 375 340 372 
315 423 387 299 399 399 510 296 191 477 361 358 252 386 321 414 
205 192 249 224 239 234 371 196 179 306 191 250 151 273 203 196 
207 307 266 302 293 228 439 236 199 397 316 288 170 409 242 212 
364 437 390 389 409 400 597 288 196 587 367 397 307 425 268 345 
287 353 267 301 310 360 420 332 214 320 316 356 263 353 290 381 
350 418 392 354 391 444 544 332 274 460 422 370 239 384 312 436 
344 426 438 387 344 425 495 275 263 492 377 365 263 371 316 348 
(strassen)

226 392 306 272 290 304 351 272 185 345 333 328 209 304 320 312 
206 285 304 280 295 273 416 275 205 364 212 325 206 294 255 252 
170 246 165 211 257 193 363 214 101 299 238 239 196 303 171 205 
305 412 385 372 363 397 501 320 231 466 366 353 271 406 327 378 
268 393 253 309 265 320 427 296 152 423 325 281 341 388 254 289 
280 403 360 376 364 366 514 357 220 456 310 391 352 393 335 354 
351 402 403 406 413 468 565 382 287 455 352 414 337 417 280 395 
227 291 305 283 279 335 380 248 235 311 313 266 212 315 225 263 
329 389 432 291 370 407 475 294 220 438 340 337 231 375 340 372 
315 423 387 299 399 399 510 296 191 477 361 358 252 386 321 414 
205 192 249 224 239 234 371 196 179 306 191 250 151 273 203 196 
207 307 266 302 293 228 439 236 199 397 316 288 170 409 242 212 
364 437 390 389 409 400 597 288 196 587 367 397 307 425 268 345 
287 353 267 301 310 360 420 332 214 320 316 356 263 353 290 381 
350 418 392 354 391 444 544 332 274 460 422 370 239 384 312 436 
344 426 438 387 344 425 495 275 263 492 377 365 263 371 316 348 
(naive)

226 392 306 272 290 304 351 272 185 345 333 328 209 304 320 312 
206 285 304 280 295 273 416 275 205 364 212 325 206 294 255 252 
170 246 165 211 257 193 363 214 101 299 238 239 196 303 171 205 
305 412 385 372 363 397 501 320 231 466 366 353 271 406 327 378 
268 393 253 309 265 320 427 296 152 423 325 281 341 388 254 289 
280 403 360 376 364 366 514 357 220 456 310 391 352 393 335 354 
351 402 403 406 413 468 565 382 287 455 352 414 337 417 280 395 
227 291 305 283 279 335 380 248 235 311 313 266 212 315 225 263 
329 389 432 291 370 407 475 294 220 438 340 337 231 375 340 372 
315 423 387 299 399 399 510 296 191 477 361 358 252 386 321 414 
205 192 249 224 239 234 371 196 179 306 191 250 151 273 203 196 
207 307 266 302 293 228 439 236 199 397 316 288 170 409 242 212 
364 437 390 389 409 400 597 288 196 587 367 397 307 425 268 345 
287 353 267 301 310 360 420 332 214 320 316 356 263 353 290 381 
350 418 392 354 391 444 544 332 274 460 422 370 239 384 312 436 
344 426 438 387 344 425 495 275 263 492 377 365 263 371 316 348 
(strassen)

