56 0 0 0 0 0 0 0 0 0 0 0 0 0 0 0 
0 9 0 0 0 0 0 0 0 0 0 0 0 0 0 0 
0 0 0 0 0 0 0 0 0 0 0 0 0 0 0 0 
0 0 0 56 0 0 0 0 0 0 0 0 0 0 0 0 
0 0 0 0 40 0 0 0 0 0 0 0 0 0 0 0 
0 0 0 0 0 4 0 0 0 0 0 0 0 0 0 0 
0 0 0 0 0 0 6 0 0 0 0 0 0 0 0 0 
0 0 0 0 0 0 0 32 0 0 0 0 0 0 0 0 
0 0 0 0 0 0 0 0 54 0 0 0 0 0 0 0 
0 0 0 0 0 0 0 0 0 0 0 0 0 0 0 0 
0 0 0 0 0 0 0 0 0 0 14 0 0 0 0 0 
0 0 0 0 0 0 0 0 0 0 0 12 0 0 0 0 
0 0 0 0 0 0 0 0 0 0 0 0 45 0 0 0 
0 0 0 0 0 0 0 0 0 0 0 0 0 14 0 0 
0 0 0 0 0 0 0 0 0 0 0 0 0 0 0 0 
0 0 0 0 0 0 0 0 0 0 0 0 0 0 0 56 
(naive)

56 0 0 0 0 0 0 0 0 0 0 0 0 0 0 0 
0 9 0 0 0 0 0 0 0 0 0 0 0 0 0 0 
0 0 0 0 0 0 0 0 0 0 0 0 0 0 0 0 
0 0 0 56 0 0 0 0 0 0 0 0 0 0 0 0 
0 0 0 0 40 0 0 0 0 0 0 0 0 0 0 0 
0 0 0 0 0 4 0 0 0 0 0 0 0 0 0 0 
0 0 0 0 0 0 6 0 0 0 0 0 0 0 0 0 
0 0 0 0 0 0 0 32 0 0 0 0 0 0 0 0 
0 0 0 0 0 0 0 0 54 0 0 0 0 0 0 0 
0 0 0 0 0 0 0 0 0 0 0 0 0 0 0 0 
0 0 0 0 0 0 0 0 0 0 14 0 0 0 0 0 
0 0 0 0 0 0 0 0 0 0 0 12 0 0 0 0 
0 0 0 0 0 0 0 0 0 0 0 0 45 0 0 0 
0 0 0 0 0 0 0 0 0 0 0 0 0 14 0 0 
0 0 0 0 0 0 0 0 0 0 0 0 0 0 0 0 
0 0 0 0 0 0 0 0 0 0 0 0 0 0 0 56 
(strassen)

56 0 0 0 0 0 0 0 0 0 0 0 0 0 0 0 
0 9 0 0 0 0 0 0 0 0 0 0 0 0 0 0 
0 0 0 0 0 0 0 0 0 0 0 0 0 0 0 0 
0 0 0 56 0 0 0 0 0 0 0 0 0 0 0 0 
0 0 0 0 40 0 0 0 0 0 0 0 0 0 0 0 
0 0 0 0 0 4 0 0 0 0 0 0 0 0 0 0 
0 0 0 0 0 0 6 0 0 0 0 0 0 0 0 0 
0 0 0 0 0 0 0 32 0 0 0 0 0 0 0 0 
0 0 0 0 0 0 0 0 54 0 0 0 0 0 0 0 
0 0 0 0 0 0 0 0 0 0 0 0 0 0 0 0 
0 0 0 0 0 0 0 0 0 0 14 0 0 0 0 0 
0 0 0 0 0 0 0 0 0 0 0 12 0 0 0 0 
0 0 0 0 0 0 0 0 0 0 0 0 45 0 0 0 
0 0 0 0 0 0 0 0 0 0 0 0 0 14 0 0 
0 0 0 0 0 0 0 0 0 0 0 0 0 0 0 0 
0 0 0 0 0 0 0 0 0 0 0 0 0 0 0 56 
(naive)

56 0 0 0 0 0 0 0 0 0 0 0 0 0 0 0 
0 9 0 0 0 0 0 0 0 0 0 0 0 0 0 0 
0 0 0 0 0 0 0 0 0 0 0 0 0 0 0 0 
0 0 0 56 0 0 0 0 0 0 0 0 0 0 0 0 
0 0 0 0 40 0 0 0 0 0 0 0 0 0 0 0 
0 0 0 0 0 4 0 0 0 0 0 0 0 0 0 0 
0 0 0 0 0 0 6 0 0 0 0 0 0 0 0 0 
0 0 0 0 0 0 0 32 0 0 0 0 0 0 0 0 
0 0 0 0 0 0 0 0 54 0 0 0 0 0 0 0 
0 0 0 0 0 0 0 0 0 0 0 0 0 0 0 0 
0 0 0 0 0 0 0 0 0 0 14 0 0 0 0 0 
0 0 0 0 0 0 0 0 0 0 0 12 0 0 0 0 
0 0 0 0 0 0 0 0 0 0 0 0 45 0 0 0 
0 0 0 0 0 0 0 0 0 0 0 0 0 14 0 0 
0 0 0 0 0 0 0 0 0 0 0 0 0 0 0 0 
0 0 0 0 0 0 0 0 0 0 0 0 0 0 0 56 
(strassen)

