0 0 2 0 0 8 2 0 28 0 0 0 0 0 8 0 
0 0 0 0 0 0 0 0 0 0 0 0 0 0 0 0 
0 0 0 0 0 0 0 0 0 0 0 24 0 0 0 0 
0 0 0 0 0 0 0 0 0 0 0 0 0 0 0 0 
0 0 0 0 0 0 0 0 0 0 0 28 0 14 0 0 
0 5 0 20 0 0 0 0 0 0 0 30 0 0 0 0 
0 0 0 0 0 0 0 0 12 0 0 0 0 0 0 0 
0 0 0 0 81 0 21 0 0 0 0 0 0 0 0 0 
0 0 0 0 0 0 35 5 0 0 0 36 0 0 0 0 
0 0 0 0 0 0 0 0 0 0 0 0 0 0 0 0 
0 0 0 0 0 0 0 35 0 0 3 0 21 0 0 0 
0 0 0 0 49 0 0 0 0 0 42 0 0 0 0 63 
0 0 0 0 0 0 0 0 0 0 0 0 0 0 0 0 
0 0 0 0 0 0 0 0 0 0 0 0 0 0 0 0 
0 0 0 0 0 2 0 0 0 0 0 7 0 1 3 0 
0 0 0 0 0 0 0 0 0 0 0 0 12 0 0 0 
(naive)

0 0 2 0 0 8 2 0 28 0 0 0 0 0 8 0 
0 0 0 0 0 0 0 0 0 0 0 0 0 0 0 0 
0 0 0 0 0 0 0 0 0 0 0 24 0 0 0 0 
0 0 0 0 0 0 0 0 0 0 0 0 0 0 0 0 
0 0 0 0 0 0 0 0 0 0 0 28 0 14 0 0 
0 5 0 20 0 0 0 0 0 0 0 30 0 0 0 0 
0 0 0 0 0 0 0 0 12 0 0 0 0 0 0 0 
0 0 0 0 81 0 21 0 0 0 0 0 0 0 0 0 
0 0 0 0 0 0 35 5 0 0 0 36 0 0 0 0 
0 0 0 0 0 0 0 0 0 0 0 0 0 0 0 0 
0 0 0 0 0 0 0 35 0 0 3 0 21 0 0 0 
0 0 0 0 49 0 0 0 0 0 42 0 0 0 0 63 
0 0 0 0 0 0 0 0 0 0 0 0 0 0 0 0 
0 0 0 0 0 0 0 0 0 0 0 0 0 0 0 0 
0 0 0 0 0 2 0 0 0 0 0 7 0 1 3 0 
0 0 0 0 0 0 0 0 0 0 0 0 12 0 0 0 
(strassen)

0 0 2 0 0 8 2 0 28 0 0 0 0 0 8 0 
0 0 0 0 0 0 0 0 0 0 0 0 0 0 0 0 
0 0 0 0 0 0 0 0 0 0 0 24 0 0 0 0 
0 0 0 0 0 0 0 0 0 0 0 0 0 0 0 0 
0 0 0 0 0 0 0 0 0 0 0 28 0 14 0 0 
0 5 0 20 0 0 0 0 0 0 0 30 0 0 0 0 
0 0 0 0 0 0 0 0 12 0 0 0 0 0 0 0 
0 0 0 0 81 0 21 0 0 0 0 0 0 0 0 0 
0 0 0 0 0 0 35 5 0 0 0 36 0 0 0 0 
0 0 0 0 0 0 0 0 0 0 0 0 0 0 0 0 
0 0 0 0 0 0 0 35 0 0 3 0 21 0 0 0 
0 0 0 0 49 0 0 0 0 0 42 0 0 0 0 63 
0 0 0 0 0 0 0 0 0 0 0 0 0 0 0 0 
0 0 0 0 0 0 0 0 0 0 0 0 0 0 0 0 
0 0 0 0 0 2 0 0 0 0 0 7 0 1 3 0 
0 0 0 0 0 0 0 0 0 0 0 0 12 0 0 0 
(naive)

0 0 2 0 0 8 2 0 28 0 0 0 0 0 8 0 
0 0 0 0 0 0 0 0 0 0 0 0 0 0 0 0 
0 0 0 0 0 0 0 0 0 0 0 24 0 0 0 0 
0 0 0 0 0 0 0 0 0 0 0 0 0 0 0 0 
0 0 0 0 0 0 0 0 0 0 0 28 0 14 0 0 
0 5 0 20 0 0 0 0 0 0 0 30 0 0 0 0 
0 0 0 0 0 0 0 0 12 0 0 0 0 0 0 0 
0 0 0 0 81 0 21 0 0 0 0 0 0 0 0 0 
0 0 0 0 0 0 35 5 0 0 0 36 0 0 0 0 
0 0 0 0 0 0 0 0 0 0 0 0 0 0 0 0 
0 0 0 0 0 0 0 35 0 0 3 0 21 0 0 0 
0 0 0 0 49 0 0 0 0 0 42 0 0 0 0 63 
0 0 0 0 0 0 0 0 0 0 0 0 0 0 0 0 
0 0 0 0 0 0 0 0 0 0 0 0 0 0 0 0 
0 0 0 0 0 2 0 0 0 0 0 7 0 1 3 0 
0 0 0 0 0 0 0 0 0 0 0 0 12 0 0 0 
(strassen)

