0 0 0 0 0 18 0 3 0 18 0 0 0 18 0 8 
0 0 0 0 0 9 6 0 4 18 0 0 0 18 3 0 
0 0 0 0 0 0 0 0 0 0 0 0 40 0 0 0 
0 0 0 0 0 0 7 0 0 0 0 0 0 0 0 0 
0 0 0 0 0 0 8 0 0 0 0 0 0 0 0 0 
0 0 0 0 0 0 0 0 0 42 0 0 0 0 7 0 
0 0 0 0 0 0 0 0 0 0 0 48 0 0 0 0 
4 0 0 0 0 0 0 0 0 0 0 0 0 0 0 0 
0 0 0 0 0 0 0 0 0 0 0 0 0 0 0 0 
0 0 12 0 0 0 0 0 0 0 0 60 0 64 0 0 
0 0 0 0 0 0 0 0 0 0 0 0 0 0 0 0 
0 0 0 0 0 12 0 0 0 0 0 0 0 24 0 0 
12 0 0 0 0 0 0 0 28 0 0 0 0 32 0 0 
0 0 0 0 0 0 0 0 0 0 0 0 20 0 0 0 
18 0 0 0 0 0 30 3 42 0 0 0 0 0 0 0 
0 0 0 0 0 0 0 0 0 0 0 0 0 0 0 0 
(naive)

0 0 0 0 0 18 0 3 0 18 0 0 0 18 0 8 
0 0 0 0 0 9 6 0 4 18 0 0 0 18 3 0 
0 0 0 0 0 0 0 0 0 0 0 0 40 0 0 0 
0 0 0 0 0 0 7 0 0 0 0 0 0 0 0 0 
0 0 0 0 0 0 8 0 0 0 0 0 0 0 0 0 
0 0 0 0 0 0 0 0 0 42 0 0 0 0 7 0 
0 0 0 0 0 0 0 0 0 0 0 48 0 0 0 0 
4 0 0 0 0 0 0 0 0 0 0 0 0 0 0 0 
0 0 0 0 0 0 0 0 0 0 0 0 0 0 0 0 
0 0 12 0 0 0 0 0 0 0 0 60 0 64 0 0 
0 0 0 0 0 0 0 0 0 0 0 0 0 0 0 0 
0 0 0 0 0 12 0 0 0 0 0 0 0 24 0 0 
12 0 0 0 0 0 0 0 28 0 0 0 0 32 0 0 
0 0 0 0 0 0 0 0 0 0 0 0 20 0 0 0 
18 0 0 0 0 0 30 3 42 0 0 0 0 0 0 0 
0 0 0 0 0 0 0 0 0 0 0 0 0 0 0 0 
(strassen)

0 0 0 0 0 18 0 3 0 18 0 0 0 18 0 8 
0 0 0 0 0 9 6 0 4 18 0 0 0 18 3 0 
0 0 0 0 0 0 0 0 0 0 0 0 40 0 0 0 
0 0 0 0 0 0 7 0 0 0 0 0 0 0 0 0 
0 0 0 0 0 0 8 0 0 0 0 0 0 0 0 0 
0 0 0 0 0 0 0 0 0 42 0 0 0 0 7 0 
0 0 0 0 0 0 0 0 0 0 0 48 0 0 0 0 
4 0 0 0 0 0 0 0 0 0 0 0 0 0 0 0 
0 0 0 0 0 0 0 0 0 0 0 0 0 0 0 0 
0 0 12 0 0 0 0 0 0 0 0 60 0 64 0 0 
0 0 0 0 0 0 0 0 0 0 0 0 0 0 0 0 
0 0 0 0 0 12 0 0 0 0 0 0 0 24 0 0 
12 0 0 0 0 0 0 0 28 0 0 0 0 32 0 0 
0 0 0 0 0 0 0 0 0 0 0 0 20 0 0 0 
18 0 0 0 0 0 30 3 42 0 0 0 0 0 0 0 
0 0 0 0 0 0 0 0 0 0 0 0 0 0 0 0 
(naive)

0 0 0 0 0 18 0 3 0 18 0 0 0 18 0 8 
0 0 0 0 0 9 6 0 4 18 0 0 0 18 3 0 
0 0 0 0 0 0 0 0 0 0 0 0 40 0 0 0 
0 0 0 0 0 0 7 0 0 0 0 0 0 0 0 0 
0 0 0 0 0 0 8 0 0 0 0 0 0 0 0 0 
0 0 0 0 0 0 0 0 0 42 0 0 0 0 7 0 
0 0 0 0 0 0 0 0 0 0 0 48 0 0 0 0 
4 0 0 0 0 0 0 0 0 0 0 0 0 0 0 0 
0 0 0 0 0 0 0 0 0 0 0 0 0 0 0 0 
0 0 12 0 0 0 0 0 0 0 0 60 0 64 0 0 
0 0 0 0 0 0 0 0 0 0 0 0 0 0 0 0 
0 0 0 0 0 12 0 0 0 0 0 0 0 24 0 0 
12 0 0 0 0 0 0 0 28 0 0 0 0 32 0 0 
0 0 0 0 0 0 0 0 0 0 0 0 20 0 0 0 
18 0 0 0 0 0 30 3 42 0 0 0 0 0 0 0 
0 0 0 0 0 0 0 0 0 0 0 0 0 0 0 0 
(strassen)

