302 375 268 282 308 324 345 269 386 265 357 266 267 268 250 262 
278 232 197 281 311 287 297 275 256 251 265 238 289 245 143 223 
388 470 199 318 383 242 374 315 464 187 299 278 270 244 246 260 
310 377 180 302 337 220 326 290 423 201 289 226 271 254 170 258 
341 476 275 353 352 305 384 372 471 285 389 254 280 332 230 321 
375 484 294 359 356 305 355 425 528 316 453 280 292 387 230 338 
426 513 337 386 433 403 446 449 509 394 435 320 301 414 265 342 
395 386 236 405 451 372 402 341 387 247 360 289 319 243 228 275 
260 370 269 327 338 267 291 287 374 210 286 209 266 266 202 313 
368 391 249 347 369 377 362 370 395 335 288 308 256 305 230 250 
357 491 340 394 391 386 398 403 521 361 470 257 281 418 279 361 
413 418 255 390 472 347 442 328 425 237 423 279 317 282 243 296 
340 483 291 316 378 300 393 322 452 253 350 315 333 356 219 333 
319 430 324 329 349 368 372 302 391 273 402 272 327 293 178 338 
400 474 328 395 449 401 457 375 492 341 453 305 363 384 246 364 
350 473 284 388 414 426 449 358 425 329 411 296 308 374 235 299 
(naive)

302 375 268 282 308 324 345 269 386 265 357 266 267 268 250 262 
278 232 197 281 311 287 297 275 256 251 265 238 289 245 143 223 
388 470 199 318 383 242 374 315 464 187 299 278 270 244 246 260 
310 377 180 302 337 220 326 290 423 201 289 226 271 254 170 258 
341 476 275 353 352 305 384 372 471 285 389 254 280 332 230 321 
375 484 294 359 356 305 355 425 528 316 453 280 292 387 230 338 
426 513 337 386 433 403 446 449 509 394 435 320 301 414 265 342 
395 386 236 405 451 372 402 341 387 247 360 289 319 243 228 275 
260 370 269 327 338 267 291 287 374 210 286 209 266 266 202 313 
368 391 249 347 369 377 362 370 395 335 288 308 256 305 230 250 
357 491 340 394 391 386 398 403 521 361 470 257 281 418 279 361 
413 418 255 390 472 347 442 328 425 237 423 279 317 282 243 296 
340 483 291 316 378 300 393 322 452 253 350 315 333 356 219 333 
319 430 324 329 349 368 372 302 391 273 402 272 327 293 178 338 
400 474 328 395 449 401 457 375 492 341 453 305 363 384 246 364 
350 473 284 388 414 426 449 358 425 329 411 296 308 374 235 299 
(strassen)

302 375 268 282 308 324 345 269 386 265 357 266 267 268 250 262 
278 232 197 281 311 287 297 275 256 251 265 238 289 245 143 223 
388 470 199 318 383 242 374 315 464 187 299 278 270 244 246 260 
310 377 180 302 337 220 326 290 423 201 289 226 271 254 170 258 
341 476 275 353 352 305 384 372 471 285 389 254 280 332 230 321 
375 484 294 359 356 305 355 425 528 316 453 280 292 387 230 338 
426 513 337 386 433 403 446 449 509 394 435 320 301 414 265 342 
395 386 236 405 451 372 402 341 387 247 360 289 319 243 228 275 
260 370 269 327 338 267 291 287 374 210 286 209 266 266 202 313 
368 391 249 347 369 377 362 370 395 335 288 308 256 305 230 250 
357 491 340 394 391 386 398 403 521 361 470 257 281 418 279 361 
413 418 255 390 472 347 442 328 425 237 423 279 317 282 243 296 
340 483 291 316 378 300 393 322 452 253 350 315 333 356 219 333 
319 430 324 329 349 368 372 302 391 273 402 272 327 293 178 338 
400 474 328 395 449 401 457 375 492 341 453 305 363 384 246 364 
350 473 284 388 414 426 449 358 425 329 411 296 308 374 235 299 
(naive)

302 375 268 282 308 324 345 269 386 265 357 266 267 268 250 262 
278 232 197 281 311 287 297 275 256 251 265 238 289 245 143 223 
388 470 199 318 383 242 374 315 464 187 299 278 270 244 246 260 
310 377 180 302 337 220 326 290 423 201 289 226 271 254 170 258 
341 476 275 353 352 305 384 372 471 285 389 254 280 332 230 321 
375 484 294 359 356 305 355 425 528 316 453 280 292 387 230 338 
426 513 337 386 433 403 446 449 509 394 435 320 301 414 265 342 
395 386 236 405 451 372 402 341 387 247 360 289 319 243 228 275 
260 370 269 327 338 267 291 287 374 210 286 209 266 266 202 313 
368 391 249 347 369 377 362 370 395 335 288 308 256 305 230 250 
357 491 340 394 391 386 398 403 521 361 470 257 281 418 279 361 
413 418 255 390 472 347 442 328 425 237 423 279 317 282 243 296 
340 483 291 316 378 300 393 322 452 253 350 315 333 356 219 333 
319 430 324 329 349 368 372 302 391 273 402 272 327 293 178 338 
400 474 328 395 449 401 457 375 492 341 453 305 363 384 246 364 
350 473 284 388 414 426 449 358 425 329 411 296 308 374 235 299 
(strassen)

