0 0 0 6 54 0 18 0 27 0 28 0 0 6 0 20 30 27 0 0 0 0 18 0 24 0 0 0 0 0 35 0 0 6 2 0 0 0 0 0 16 6 0 45 16 0 0 39 0 0 0 102 54 36 14 0 0 21 0 36 0 4 10 4 
18 16 0 0 0 0 78 0 0 66 42 12 0 0 84 64 0 12 48 24 0 9 21 24 0 0 42 9 3 18 0 18 18 0 15 27 138 0 74 0 21 18 0 0 54 0 76 54 3 57 9 56 0 54 0 42 51 0 8 12 0 41 84 6 
42 0 48 68 0 24 56 0 28 0 0 41 0 4 0 0 0 0 0 12 0 0 24 54 0 0 74 112 7 54 12 28 0 79 0 0 14 0 0 0 78 0 0 30 0 0 0 20 0 0 48 42 42 0 23 0 0 14 49 0 30 24 0 48 
24 0 0 4 5 0 0 0 0 0 36 0 0 0 0 24 0 0 0 0 0 8 0 0 0 0 79 0 0 0 0 0 18 0 0 0 0 45 15 0 0 0 0 0 0 0 0 0 0 0 0 0 8 45 0 25 0 0 0 0 0 0 0 0 
12 4 0 0 0 0 18 10 0 36 40 20 0 0 18 16 0 8 32 6 0 51 60 0 0 0 16 15 5 42 0 12 0 0 0 45 12 30 40 15 14 0 0 25 0 0 34 24 0 0 15 14 0 35 0 16 40 0 2 8 15 2 0 0 
0 95 0 0 78 0 21 43 17 0 0 13 0 37 25 32 48 9 0 0 25 84 0 0 0 0 24 0 12 20 56 0 0 18 2 0 70 0 14 0 16 6 0 0 0 0 0 64 0 25 0 9 46 0 32 0 15 0 15 39 0 20 56 0 
0 20 0 20 14 20 0 35 0 0 0 0 0 6 0 0 0 0 0 0 35 18 0 0 0 0 0 0 0 0 0 0 0 4 0 0 0 0 0 0 45 0 0 90 0 0 0 0 0 0 0 45 0 0 0 0 0 0 40 0 0 0 40 45 
14 25 0 0 45 42 25 0 0 0 0 0 0 50 0 0 0 109 0 0 0 45 0 0 0 0 51 18 0 0 0 14 0 10 12 0 0 0 0 0 15 0 0 30 0 72 0 42 0 6 0 0 0 0 0 0 0 0 8 0 20 14 0 45 
39 0 0 48 87 0 48 0 24 9 0 38 0 20 14 0 0 2 8 0 0 45 35 0 28 63 48 0 11 0 0 3 35 28 0 45 47 0 6 0 25 7 0 63 46 12 6 6 0 14 15 56 0 0 6 25 40 6 42 0 81 0 0 81 
0 73 0 0 56 0 20 16 0 24 0 6 18 29 0 0 28 0 0 0 0 100 21 0 0 0 25 0 0 0 0 20 25 22 0 6 0 0 6 0 0 0 8 0 30 0 0 8 0 0 0 0 0 0 0 15 0 0 27 0 20 0 0 0 
0 66 18 4 0 4 48 15 0 18 20 28 0 2 0 21 0 35 0 0 7 64 48 0 0 0 0 60 7 78 0 0 0 2 8 63 0 0 16 0 115 0 0 41 0 0 54 0 64 0 21 39 0 28 56 0 56 7 51 0 30 8 16 27 
30 40 0 40 35 0 40 0 20 31 0 44 0 30 18 0 0 24 0 0 0 0 53 14 20 9 46 48 8 18 14 0 26 15 25 47 61 23 10 23 0 7 30 20 71 0 0 3 8 18 10 70 24 40 5 27 24 0 48 0 0 0 0 0 
66 0 0 3 36 18 15 0 6 0 90 0 0 0 0 18 0 0 0 0 0 6 0 0 78 0 12 24 0 27 0 0 0 0 0 0 0 0 48 0 21 6 0 42 36 0 0 0 0 0 0 63 6 81 0 0 18 0 16 0 27 9 16 18 
0 0 54 0 0 54 91 0 0 54 16 30 0 4 0 63 0 0 0 18 0 65 0 0 0 107 20 42 0 0 18 16 20 0 0 0 48 0 8 0 54 0 72 89 24 24 36 16 40 40 0 0 0 0 24 0 24 0 0 0 97 29 74 45 
0 0 0 0 0 0 28 0 0 0 0 0 0 7 0 32 24 0 0 0 0 12 0 0 0 0 67 0 0 24 56 28 35 0 5 0 18 0 31 0 68 0 0 0 42 0 0 6 0 15 0 0 0 0 35 0 9 0 0 16 28 9 40 0 
4 12 56 9 0 2 54 0 0 0 8 28 0 0 54 72 18 0 0 18 0 0 42 0 0 0 0 0 7 0 42 9 0 63 1 63 36 0 6 0 0 0 7 48 0 0 30 0 0 0 77 42 49 0 1 0 56 0 30 0 5 6 36 8 
0 0 0 0 0 12 0 8 0 0 21 6 0 0 0 0 14 0 0 0 0 77 42 0 0 0 16 66 0 36 0 14 0 0 10 8 0 42 0 29 28 0 4 16 0 0 0 14 0 0 0 32 0 0 0 6 0 0 0 0 41 12 0 12 
0 0 0 40 0 0 0 0 0 0 18 0 0 0 0 0 0 0 0 0 0 0 0 0 56 81 42 48 0 54 0 16 0 0 0 0 36 48 6 0 42 0 81 52 63 69 0 12 0 30 0 30 0 0 0 0 82 21 0 0 30 18 48 18 
12 40 0 8 0 8 0 14 4 0 0 8 10 0 38 0 0 0 0 0 36 0 0 0 12 18 0 0 0 10 0 0 0 0 0 12 69 0 14 0 18 0 0 18 36 0 0 32 0 38 0 28 32 0 16 27 12 0 12 0 0 12 36 21 
0 6 48 11 3 0 36 0 0 70 0 4 12 24 0 56 0 25 0 0 0 48 55 11 0 8 0 0 0 0 3 0 6 10 0 4 0 3 0 0 0 8 18 3 21 0 62 0 48 0 0 2 0 24 7 2 0 21 39 0 0 6 12 5 
0 0 0 0 18 36 21 0 12 21 0 3 0 8 0 0 24 48 0 0 0 0 2 12 0 9 72 54 0 18 0 42 14 4 0 0 0 18 9 0 10 6 0 25 0 0 0 77 0 0 0 30 54 0 0 0 0 0 0 22 0 36 0 0 
28 2 0 79 49 0 57 0 72 0 0 0 0 0 9 8 40 18 0 3 0 40 0 0 0 56 9 0 0 0 0 0 0 0 0 0 6 9 4 0 0 0 49 95 0 0 5 32 0 0 0 43 36 9 0 5 0 0 9 60 107 1 8 72 
16 45 0 117 8 0 0 0 5 0 77 10 10 0 25 12 9 24 0 0 24 73 42 18 12 86 72 0 0 10 21 0 0 0 8 12 0 114 34 21 64 72 28 41 32 27 0 42 0 0 0 10 40 144 135 40 0 0 18 0 59 8 10 26 
54 0 56 9 4 0 16 0 0 0 81 40 0 49 0 54 0 63 0 33 0 18 0 0 0 0 121 75 0 0 15 0 0 63 25 20 0 36 12 26 66 0 0 41 0 0 0 0 0 0 56 30 67 36 20 20 0 0 0 0 0 0 0 63 
0 8 12 14 24 0 16 64 0 100 0 0 0 16 0 14 0 64 0 0 0 0 22 159 0 24 14 24 0 80 0 0 14 0 40 0 80 48 0 0 0 48 0 0 16 0 8 8 8 0 0 14 64 0 0 0 0 0 0 0 0 8 32 35 
54 0 30 9 0 36 30 16 0 30 91 0 0 0 0 89 21 0 0 0 0 39 0 0 0 0 36 6 0 12 0 0 0 0 0 0 0 0 0 0 0 0 6 46 0 0 20 6 0 0 0 0 18 14 0 9 0 0 0 0 24 0 0 0 
0 0 0 0 0 0 0 0 0 0 49 0 0 0 0 0 0 0 0 0 0 0 0 0 0 0 0 0 0 0 0 0 0 0 0 0 0 0 0 0 0 0 0 0 28 0 0 0 0 0 0 0 0 63 0 0 0 0 0 0 0 7 0 7 
35 32 27 0 97 0 0 7 0 81 0 2 0 0 0 0 0 0 0 0 35 7 0 2 0 0 0 40 28 36 9 0 0 0 30 0 6 18 8 3 82 65 0 89 0 0 81 0 8 15 1 41 14 0 42 0 0 0 11 63 65 5 0 12 
30 0 36 107 0 0 40 0 20 36 0 36 40 0 0 42 0 30 0 0 56 0 0 6 104 24 30 128 5 121 0 16 0 15 35 76 10 48 40 28 63 24 0 95 0 0 60 0 0 0 0 127 0 0 90 0 64 0 65 0 45 0 16 27 
7 10 0 0 5 0 45 15 0 15 0 0 0 0 85 40 0 0 0 15 0 0 0 0 0 0 0 0 0 0 0 0 0 0 41 0 65 0 5 0 0 0 0 0 0 0 25 0 0 3 0 35 40 0 0 45 0 0 5 20 0 6 0 0 
0 0 18 0 48 30 0 0 0 54 0 0 20 0 0 0 0 0 0 0 28 0 0 0 24 0 40 45 0 20 0 35 0 0 0 24 0 12 20 0 36 42 0 54 0 0 54 25 0 0 0 20 0 0 32 0 0 0 0 0 30 30 8 0 
0 0 0 0 6 42 2 0 0 4 0 0 15 0 0 0 0 0 0 0 21 0 1 8 18 0 110 66 0 15 0 49 0 0 5 18 2 54 33 0 0 6 0 0 2 0 0 35 1 0 0 15 0 54 24 30 0 0 0 0 0 42 10 0 
0 0 0 9 9 0 0 32 0 2 0 0 5 6 0 0 56 0 0 0 7 65 7 2 6 8 96 0 0 23 1 0 2 0 0 6 0 73 50 0 21 8 22 3 7 0 0 16 0 0 0 5 0 80 15 64 0 0 0 12 0 0 2 0 
0 14 0 0 18 12 10 48 0 0 0 0 0 12 0 0 0 45 0 0 0 0 0 0 0 0 0 0 0 24 0 0 0 0 0 0 48 0 2 0 0 0 0 12 0 0 54 0 0 0 0 0 0 0 0 0 0 0 47 0 8 6 0 0 
18 64 0 3 0 0 0 4 0 7 76 0 20 0 0 18 7 8 0 0 28 13 0 4 24 3 12 0 0 26 0 0 0 0 0 24 18 6 39 0 0 0 2 0 28 0 0 9 0 15 0 20 14 63 32 3 9 0 16 0 0 16 32 7 
0 2 18 12 0 0 9 4 0 18 0 0 0 0 9 29 7 0 0 3 0 7 12 54 0 0 0 16 0 18 0 0 0 0 3 0 6 0 1 0 38 0 2 4 0 0 17 2 0 0 0 29 0 0 21 3 0 0 1 0 10 1 0 36 
79 0 0 0 0 72 0 27 0 72 0 32 15 0 72 0 0 15 40 0 21 72 48 0 18 24 0 0 8 15 0 15 0 0 63 90 63 0 45 0 0 0 0 0 0 72 36 30 0 0 24 15 72 0 24 101 64 0 5 76 0 0 6 0 
0 8 0 0 6 18 0 0 0 12 0 0 0 36 0 0 0 0 0 0 0 0 42 0 0 0 24 27 0 0 6 21 12 0 0 0 0 6 2 0 0 0 36 0 42 0 0 15 0 0 0 0 0 48 0 0 0 0 2 0 0 18 0 0 
0 0 0 0 0 48 0 0 0 0 0 0 45 0 0 0 0 64 0 0 63 0 0 0 54 0 64 96 0 72 0 56 0 0 0 54 0 0 45 0 21 0 0 6 0 72 0 72 0 0 0 60 0 0 72 0 0 0 8 0 15 48 18 9 
28 0 0 63 28 42 0 12 0 0 51 21 0 12 16 16 12 0 0 0 0 63 45 14 0 98 65 137 0 36 28 49 21 6 35 28 40 51 3 49 15 56 0 124 32 0 0 35 0 16 0 42 0 51 49 29 0 0 40 0 21 42 48 7 
81 0 0 72 39 0 0 0 0 0 0 0 0 0 0 0 0 0 0 0 0 25 0 0 0 35 38 0 0 0 0 0 2 0 42 0 0 36 12 0 0 0 56 35 0 0 0 0 0 21 0 0 0 36 0 20 0 0 0 0 85 7 0 45 
12 0 16 2 0 0 54 0 0 0 18 0 0 28 0 12 0 36 0 0 0 76 0 0 0 0 36 0 0 0 0 0 0 18 1 0 0 0 0 0 20 0 0 6 0 0 0 0 72 0 16 0 18 0 7 0 0 0 0 0 0 9 18 36 
32 48 48 0 0 0 0 9 0 0 27 0 0 14 14 0 0 18 0 0 45 9 0 0 0 75 14 0 36 0 0 0 0 54 0 0 35 0 12 0 6 0 27 18 40 9 0 0 0 14 48 27 60 27 54 21 0 0 12 81 0 3 0 29 
44 0 0 6 62 9 56 0 0 16 54 0 0 78 0 36 0 0 0 63 0 21 80 0 0 3 24 0 0 0 8 0 58 18 0 0 18 8 3 21 30 0 48 0 56 9 0 6 0 15 0 0 12 64 0 0 9 21 0 5 0 9 24 0 
24 0 0 0 0 12 10 0 0 0 0 0 0 0 0 0 0 0 0 0 0 0 0 0 0 36 0 16 0 18 0 0 0 0 0 0 0 0 0 0 14 0 0 16 0 0 0 0 0 0 0 10 0 0 0 0 0 0 0 0 18 0 0 12 
32 0 6 82 70 0 0 0 0 18 21 0 0 36 0 0 0 20 0 0 0 63 84 0 14 0 18 0 0 0 0 4 60 24 0 0 0 58 0 21 42 14 56 28 0 0 42 0 0 0 0 0 0 0 0 0 16 42 20 0 71 0 0 0 
0 48 0 0 32 0 0 0 0 10 0 0 30 42 0 0 0 0 0 0 42 0 38 0 36 0 0 0 0 30 5 0 31 6 0 36 0 5 42 0 15 0 30 0 35 0 0 0 0 0 0 30 0 40 48 0 0 0 12 0 0 0 12 0 
0 10 0 35 14 0 16 16 0 0 2 0 0 6 0 0 28 30 0 18 0 46 0 0 49 9 12 0 0 0 0 14 12 4 0 0 0 42 0 6 0 0 17 35 0 3 36 8 0 0 0 0 0 0 0 12 56 0 30 0 0 0 0 0 
63 0 0 35 45 16 0 0 0 0 64 0 0 0 0 0 0 0 0 0 0 24 0 0 49 0 64 0 0 48 0 86 0 0 62 0 0 42 56 0 56 0 0 35 0 0 0 0 0 27 0 0 0 0 8 0 56 0 0 32 0 9 0 64 
18 21 24 3 21 0 63 70 0 24 62 0 0 14 63 102 0 0 0 21 0 6 0 0 0 0 12 21 0 70 0 0 0 0 0 0 98 0 7 0 0 0 0 35 0 0 51 0 0 0 0 49 6 49 0 0 0 0 7 0 0 14 0 0 
0 0 0 0 72 0 0 0 0 0 0 0 0 32 0 0 0 0 0 0 0 0 8 0 0 0 0 64 0 72 0 0 56 16 0 0 0 0 0 0 96 0 0 16 0 0 0 0 0 0 0 40 0 0 0 0 0 0 0 0 40 0 0 24 
0 56 0 0 0 0 0 6 0 0 21 0 0 0 0 0 0 0 0 0 30 6 0 0 0 0 0 0 24 0 0 0 0 0 0 0 0 0 14 0 0 0 0 0 12 0 0 0 0 0 0 18 12 27 36 0 0 0 14 54 0 3 0 3 
0 0 64 0 0 0 0 0 0 42 0 0 0 0 0 0 0 48 0 0 0 0 0 24 0 18 0 0 0 36 0 0 0 72 0 0 0 36 0 0 0 0 0 24 0 0 0 6 0 0 64 0 104 0 0 0 0 0 0 0 0 0 0 0 
20 45 0 96 63 10 38 4 3 0 99 45 0 32 0 9 12 0 0 27 0 93 0 0 42 0 25 69 0 12 27 77 25 18 5 0 0 63 0 0 81 0 35 121 58 0 0 0 0 0 0 24 0 77 41 0 48 0 72 0 45 7 72 47 
24 20 0 89 7 6 116 0 37 47 27 50 30 3 0 15 84 32 0 0 0 150 137 4 0 3 114 9 8 6 0 7 0 12 0 82 0 105 24 27 0 16 42 0 63 42 0 70 40 0 24 40 8 0 0 5 64 21 35 32 57 11 10 0 
0 0 0 10 23 0 0 0 0 42 6 16 0 0 0 0 0 48 0 0 0 18 12 40 26 18 45 64 0 36 72 4 0 0 0 0 48 105 15 30 0 19 0 10 0 0 0 6 64 0 8 24 48 45 0 25 16 0 24 0 6 0 0 0 
12 12 0 27 72 0 54 0 0 0 0 0 0 32 54 48 0 5 0 18 0 0 8 0 0 0 6 0 0 0 0 0 62 16 0 0 36 0 6 0 40 0 21 0 0 0 36 0 0 0 0 42 0 0 0 0 0 0 11 0 15 6 0 0 
36 0 0 48 0 0 48 24 24 0 0 32 0 0 2 0 42 43 0 0 0 42 0 14 0 0 36 56 6 0 63 0 0 18 0 0 59 0 0 21 0 14 12 5 4 0 48 16 56 2 7 6 6 0 6 21 0 0 103 2 0 0 0 0 
42 24 30 83 84 0 200 0 82 130 21 61 48 0 0 14 30 0 0 81 0 111 134 0 21 0 42 0 13 0 0 6 0 37 0 70 14 72 0 48 36 42 0 69 0 0 62 6 48 0 18 0 0 0 7 8 72 0 105 36 51 6 12 0 
0 0 0 42 0 6 36 0 6 0 10 0 0 0 0 18 24 0 0 0 0 24 0 0 0 45 56 9 0 0 0 7 0 0 7 0 0 54 0 0 56 0 45 0 72 63 0 5 0 0 0 48 0 0 49 0 0 24 0 0 0 6 0 0 
0 12 0 0 88 48 0 57 0 73 6 28 24 36 66 0 63 0 0 0 0 63 67 0 0 27 127 104 5 0 0 56 63 26 49 85 74 63 21 0 45 0 45 0 20 9 0 58 0 10 15 0 56 63 0 144 40 0 36 28 0 48 0 0 
0 6 0 28 18 0 113 48 24 0 0 17 0 12 0 12 56 15 0 0 0 88 18 0 0 0 64 0 3 24 0 0 0 0 0 27 48 36 15 0 0 10 0 0 36 24 0 40 72 0 9 32 0 0 0 0 24 12 0 20 0 15 18 0 
21 0 18 0 63 0 0 12 0 106 0 0 0 0 32 0 0 64 0 0 0 0 0 0 0 0 0 64 0 0 0 0 0 0 46 64 28 12 0 0 36 42 0 54 0 72 54 32 0 9 0 0 32 0 0 36 0 0 24 16 30 3 0 0 
0 62 0 63 54 0 65 18 26 0 45 17 0 0 30 0 40 15 0 0 12 67 18 81 99 0 112 27 0 108 0 18 0 0 0 0 0 54 80 0 63 19 0 90 0 0 0 76 40 0 0 90 48 63 0 0 72 0 20 56 0 5 10 45 
(naive)

0 0 0 6 54 0 18 0 27 0 28 0 0 6 0 20 30 27 0 0 0 0 18 0 24 0 0 0 0 0 35 0 0 6 2 0 0 0 0 0 16 6 0 45 16 0 0 39 0 0 0 102 54 36 14 0 0 21 0 36 0 4 10 4 
18 16 0 0 0 0 78 0 0 66 42 12 0 0 84 64 0 12 48 24 0 9 21 24 0 0 42 9 3 18 0 18 18 0 15 27 138 0 74 0 21 18 0 0 54 0 76 54 3 57 9 56 0 54 0 42 51 0 8 12 0 41 84 6 
42 0 48 68 0 24 56 0 28 0 0 41 0 4 0 0 0 0 0 12 0 0 24 54 0 0 74 112 7 54 12 28 0 79 0 0 14 0 0 0 78 0 0 30 0 0 0 20 0 0 48 42 42 0 23 0 0 14 49 0 30 24 0 48 
24 0 0 4 5 0 0 0 0 0 36 0 0 0 0 24 0 0 0 0 0 8 0 0 0 0 79 0 0 0 0 0 18 0 0 0 0 45 15 0 0 0 0 0 0 0 0 0 0 0 0 0 8 45 0 25 0 0 0 0 0 0 0 0 
12 4 0 0 0 0 18 10 0 36 40 20 0 0 18 16 0 8 32 6 0 51 60 0 0 0 16 15 5 42 0 12 0 0 0 45 12 30 40 15 14 0 0 25 0 0 34 24 0 0 15 14 0 35 0 16 40 0 2 8 15 2 0 0 
0 95 0 0 78 0 21 43 17 0 0 13 0 37 25 32 48 9 0 0 25 84 0 0 0 0 24 0 12 20 56 0 0 18 2 0 70 0 14 0 16 6 0 0 0 0 0 64 0 25 0 9 46 0 32 0 15 0 15 39 0 20 56 0 
0 20 0 20 14 20 0 35 0 0 0 0 0 6 0 0 0 0 0 0 35 18 0 0 0 0 0 0 0 0 0 0 0 4 0 0 0 0 0 0 45 0 0 90 0 0 0 0 0 0 0 45 0 0 0 0 0 0 40 0 0 0 40 45 
14 25 0 0 45 42 25 0 0 0 0 0 0 50 0 0 0 109 0 0 0 45 0 0 0 0 51 18 0 0 0 14 0 10 12 0 0 0 0 0 15 0 0 30 0 72 0 42 0 6 0 0 0 0 0 0 0 0 8 0 20 14 0 45 
39 0 0 48 87 0 48 0 24 9 0 38 0 20 14 0 0 2 8 0 0 45 35 0 28 63 48 0 11 0 0 3 35 28 0 45 47 0 6 0 25 7 0 63 46 12 6 6 0 14 15 56 0 0 6 25 40 6 42 0 81 0 0 81 
0 73 0 0 56 0 20 16 0 24 0 6 18 29 0 0 28 0 0 0 0 100 21 0 0 0 25 0 0 0 0 20 25 22 0 6 0 0 6 0 0 0 8 0 30 0 0 8 0 0 0 0 0 0 0 15 0 0 27 0 20 0 0 0 
0 66 18 4 0 4 48 15 0 18 20 28 0 2 0 21 0 35 0 0 7 64 48 0 0 0 0 60 7 78 0 0 0 2 8 63 0 0 16 0 115 0 0 41 0 0 54 0 64 0 21 39 0 28 56 0 56 7 51 0 30 8 16 27 
30 40 0 40 35 0 40 0 20 31 0 44 0 30 18 0 0 24 0 0 0 0 53 14 20 9 46 48 8 18 14 0 26 15 25 47 61 23 10 23 0 7 30 20 71 0 0 3 8 18 10 70 24 40 5 27 24 0 48 0 0 0 0 0 
66 0 0 3 36 18 15 0 6 0 90 0 0 0 0 18 0 0 0 0 0 6 0 0 78 0 12 24 0 27 0 0 0 0 0 0 0 0 48 0 21 6 0 42 36 0 0 0 0 0 0 63 6 81 0 0 18 0 16 0 27 9 16 18 
0 0 54 0 0 54 91 0 0 54 16 30 0 4 0 63 0 0 0 18 0 65 0 0 0 107 20 42 0 0 18 16 20 0 0 0 48 0 8 0 54 0 72 89 24 24 36 16 40 40 0 0 0 0 24 0 24 0 0 0 97 29 74 45 
0 0 0 0 0 0 28 0 0 0 0 0 0 7 0 32 24 0 0 0 0 12 0 0 0 0 67 0 0 24 56 28 35 0 5 0 18 0 31 0 68 0 0 0 42 0 0 6 0 15 0 0 0 0 35 0 9 0 0 16 28 9 40 0 
4 12 56 9 0 2 54 0 0 0 8 28 0 0 54 72 18 0 0 18 0 0 42 0 0 0 0 0 7 0 42 9 0 63 1 63 36 0 6 0 0 0 7 48 0 0 30 0 0 0 77 42 49 0 1 0 56 0 30 0 5 6 36 8 
0 0 0 0 0 12 0 8 0 0 21 6 0 0 0 0 14 0 0 0 0 77 42 0 0 0 16 66 0 36 0 14 0 0 10 8 0 42 0 29 28 0 4 16 0 0 0 14 0 0 0 32 0 0 0 6 0 0 0 0 41 12 0 12 
0 0 0 40 0 0 0 0 0 0 18 0 0 0 0 0 0 0 0 0 0 0 0 0 56 81 42 48 0 54 0 16 0 0 0 0 36 48 6 0 42 0 81 52 63 69 0 12 0 30 0 30 0 0 0 0 82 21 0 0 30 18 48 18 
12 40 0 8 0 8 0 14 4 0 0 8 10 0 38 0 0 0 0 0 36 0 0 0 12 18 0 0 0 10 0 0 0 0 0 12 69 0 14 0 18 0 0 18 36 0 0 32 0 38 0 28 32 0 16 27 12 0 12 0 0 12 36 21 
0 6 48 11 3 0 36 0 0 70 0 4 12 24 0 56 0 25 0 0 0 48 55 11 0 8 0 0 0 0 3 0 6 10 0 4 0 3 0 0 0 8 18 3 21 0 62 0 48 0 0 2 0 24 7 2 0 21 39 0 0 6 12 5 
0 0 0 0 18 36 21 0 12 21 0 3 0 8 0 0 24 48 0 0 0 0 2 12 0 9 72 54 0 18 0 42 14 4 0 0 0 18 9 0 10 6 0 25 0 0 0 77 0 0 0 30 54 0 0 0 0 0 0 22 0 36 0 0 
28 2 0 79 49 0 57 0 72 0 0 0 0 0 9 8 40 18 0 3 0 40 0 0 0 56 9 0 0 0 0 0 0 0 0 0 6 9 4 0 0 0 49 95 0 0 5 32 0 0 0 43 36 9 0 5 0 0 9 60 107 1 8 72 
16 45 0 117 8 0 0 0 5 0 77 10 10 0 25 12 9 24 0 0 24 73 42 18 12 86 72 0 0 10 21 0 0 0 8 12 0 114 34 21 64 72 28 41 32 27 0 42 0 0 0 10 40 144 135 40 0 0 18 0 59 8 10 26 
54 0 56 9 4 0 16 0 0 0 81 40 0 49 0 54 0 63 0 33 0 18 0 0 0 0 121 75 0 0 15 0 0 63 25 20 0 36 12 26 66 0 0 41 0 0 0 0 0 0 56 30 67 36 20 20 0 0 0 0 0 0 0 63 
0 8 12 14 24 0 16 64 0 100 0 0 0 16 0 14 0 64 0 0 0 0 22 159 0 24 14 24 0 80 0 0 14 0 40 0 80 48 0 0 0 48 0 0 16 0 8 8 8 0 0 14 64 0 0 0 0 0 0 0 0 8 32 35 
54 0 30 9 0 36 30 16 0 30 91 0 0 0 0 89 21 0 0 0 0 39 0 0 0 0 36 6 0 12 0 0 0 0 0 0 0 0 0 0 0 0 6 46 0 0 20 6 0 0 0 0 18 14 0 9 0 0 0 0 24 0 0 0 
0 0 0 0 0 0 0 0 0 0 49 0 0 0 0 0 0 0 0 0 0 0 0 0 0 0 0 0 0 0 0 0 0 0 0 0 0 0 0 0 0 0 0 0 28 0 0 0 0 0 0 0 0 63 0 0 0 0 0 0 0 7 0 7 
35 32 27 0 97 0 0 7 0 81 0 2 0 0 0 0 0 0 0 0 35 7 0 2 0 0 0 40 28 36 9 0 0 0 30 0 6 18 8 3 82 65 0 89 0 0 81 0 8 15 1 41 14 0 42 0 0 0 11 63 65 5 0 12 
30 0 36 107 0 0 40 0 20 36 0 36 40 0 0 42 0 30 0 0 56 0 0 6 104 24 30 128 5 121 0 16 0 15 35 76 10 48 40 28 63 24 0 95 0 0 60 0 0 0 0 127 0 0 90 0 64 0 65 0 45 0 16 27 
7 10 0 0 5 0 45 15 0 15 0 0 0 0 85 40 0 0 0 15 0 0 0 0 0 0 0 0 0 0 0 0 0 0 41 0 65 0 5 0 0 0 0 0 0 0 25 0 0 3 0 35 40 0 0 45 0 0 5 20 0 6 0 0 
0 0 18 0 48 30 0 0 0 54 0 0 20 0 0 0 0 0 0 0 28 0 0 0 24 0 40 45 0 20 0 35 0 0 0 24 0 12 20 0 36 42 0 54 0 0 54 25 0 0 0 20 0 0 32 0 0 0 0 0 30 30 8 0 
0 0 0 0 6 42 2 0 0 4 0 0 15 0 0 0 0 0 0 0 21 0 1 8 18 0 110 66 0 15 0 49 0 0 5 18 2 54 33 0 0 6 0 0 2 0 0 35 1 0 0 15 0 54 24 30 0 0 0 0 0 42 10 0 
0 0 0 9 9 0 0 32 0 2 0 0 5 6 0 0 56 0 0 0 7 65 7 2 6 8 96 0 0 23 1 0 2 0 0 6 0 73 50 0 21 8 22 3 7 0 0 16 0 0 0 5 0 80 15 64 0 0 0 12 0 0 2 0 
0 14 0 0 18 12 10 48 0 0 0 0 0 12 0 0 0 45 0 0 0 0 0 0 0 0 0 0 0 24 0 0 0 0 0 0 48 0 2 0 0 0 0 12 0 0 54 0 0 0 0 0 0 0 0 0 0 0 47 0 8 6 0 0 
18 64 0 3 0 0 0 4 0 7 76 0 20 0 0 18 7 8 0 0 28 13 0 4 24 3 12 0 0 26 0 0 0 0 0 24 18 6 39 0 0 0 2 0 28 0 0 9 0 15 0 20 14 63 32 3 9 0 16 0 0 16 32 7 
0 2 18 12 0 0 9 4 0 18 0 0 0 0 9 29 7 0 0 3 0 7 12 54 0 0 0 16 0 18 0 0 0 0 3 0 6 0 1 0 38 0 2 4 0 0 17 2 0 0 0 29 0 0 21 3 0 0 1 0 10 1 0 36 
79 0 0 0 0 72 0 27 0 72 0 32 15 0 72 0 0 15 40 0 21 72 48 0 18 24 0 0 8 15 0 15 0 0 63 90 63 0 45 0 0 0 0 0 0 72 36 30 0 0 24 15 72 0 24 101 64 0 5 76 0 0 6 0 
0 8 0 0 6 18 0 0 0 12 0 0 0 36 0 0 0 0 0 0 0 0 42 0 0 0 24 27 0 0 6 21 12 0 0 0 0 6 2 0 0 0 36 0 42 0 0 15 0 0 0 0 0 48 0 0 0 0 2 0 0 18 0 0 
0 0 0 0 0 48 0 0 0 0 0 0 45 0 0 0 0 64 0 0 63 0 0 0 54 0 64 96 0 72 0 56 0 0 0 54 0 0 45 0 21 0 0 6 0 72 0 72 0 0 0 60 0 0 72 0 0 0 8 0 15 48 18 9 
28 0 0 63 28 42 0 12 0 0 51 21 0 12 16 16 12 0 0 0 0 63 45 14 0 98 65 137 0 36 28 49 21 6 35 28 40 51 3 49 15 56 0 124 32 0 0 35 0 16 0 42 0 51 49 29 0 0 40 0 21 42 48 7 
81 0 0 72 39 0 0 0 0 0 0 0 0 0 0 0 0 0 0 0 0 25 0 0 0 35 38 0 0 0 0 0 2 0 42 0 0 36 12 0 0 0 56 35 0 0 0 0 0 21 0 0 0 36 0 20 0 0 0 0 85 7 0 45 
12 0 16 2 0 0 54 0 0 0 18 0 0 28 0 12 0 36 0 0 0 76 0 0 0 0 36 0 0 0 0 0 0 18 1 0 0 0 0 0 20 0 0 6 0 0 0 0 72 0 16 0 18 0 7 0 0 0 0 0 0 9 18 36 
32 48 48 0 0 0 0 9 0 0 27 0 0 14 14 0 0 18 0 0 45 9 0 0 0 75 14 0 36 0 0 0 0 54 0 0 35 0 12 0 6 0 27 18 40 9 0 0 0 14 48 27 60 27 54 21 0 0 12 81 0 3 0 29 
44 0 0 6 62 9 56 0 0 16 54 0 0 78 0 36 0 0 0 63 0 21 80 0 0 3 24 0 0 0 8 0 58 18 0 0 18 8 3 21 30 0 48 0 56 9 0 6 0 15 0 0 12 64 0 0 9 21 0 5 0 9 24 0 
24 0 0 0 0 12 10 0 0 0 0 0 0 0 0 0 0 0 0 0 0 0 0 0 0 36 0 16 0 18 0 0 0 0 0 0 0 0 0 0 14 0 0 16 0 0 0 0 0 0 0 10 0 0 0 0 0 0 0 0 18 0 0 12 
32 0 6 82 70 0 0 0 0 18 21 0 0 36 0 0 0 20 0 0 0 63 84 0 14 0 18 0 0 0 0 4 60 24 0 0 0 58 0 21 42 14 56 28 0 0 42 0 0 0 0 0 0 0 0 0 16 42 20 0 71 0 0 0 
0 48 0 0 32 0 0 0 0 10 0 0 30 42 0 0 0 0 0 0 42 0 38 0 36 0 0 0 0 30 5 0 31 6 0 36 0 5 42 0 15 0 30 0 35 0 0 0 0 0 0 30 0 40 48 0 0 0 12 0 0 0 12 0 
0 10 0 35 14 0 16 16 0 0 2 0 0 6 0 0 28 30 0 18 0 46 0 0 49 9 12 0 0 0 0 14 12 4 0 0 0 42 0 6 0 0 17 35 0 3 36 8 0 0 0 0 0 0 0 12 56 0 30 0 0 0 0 0 
63 0 0 35 45 16 0 0 0 0 64 0 0 0 0 0 0 0 0 0 0 24 0 0 49 0 64 0 0 48 0 86 0 0 62 0 0 42 56 0 56 0 0 35 0 0 0 0 0 27 0 0 0 0 8 0 56 0 0 32 0 9 0 64 
18 21 24 3 21 0 63 70 0 24 62 0 0 14 63 102 0 0 0 21 0 6 0 0 0 0 12 21 0 70 0 0 0 0 0 0 98 0 7 0 0 0 0 35 0 0 51 0 0 0 0 49 6 49 0 0 0 0 7 0 0 14 0 0 
0 0 0 0 72 0 0 0 0 0 0 0 0 32 0 0 0 0 0 0 0 0 8 0 0 0 0 64 0 72 0 0 56 16 0 0 0 0 0 0 96 0 0 16 0 0 0 0 0 0 0 40 0 0 0 0 0 0 0 0 40 0 0 24 
0 56 0 0 0 0 0 6 0 0 21 0 0 0 0 0 0 0 0 0 30 6 0 0 0 0 0 0 24 0 0 0 0 0 0 0 0 0 14 0 0 0 0 0 12 0 0 0 0 0 0 18 12 27 36 0 0 0 14 54 0 3 0 3 
0 0 64 0 0 0 0 0 0 42 0 0 0 0 0 0 0 48 0 0 0 0 0 24 0 18 0 0 0 36 0 0 0 72 0 0 0 36 0 0 0 0 0 24 0 0 0 6 0 0 64 0 104 0 0 0 0 0 0 0 0 0 0 0 
20 45 0 96 63 10 38 4 3 0 99 45 0 32 0 9 12 0 0 27 0 93 0 0 42 0 25 69 0 12 27 77 25 18 5 0 0 63 0 0 81 0 35 121 58 0 0 0 0 0 0 24 0 77 41 0 48 0 72 0 45 7 72 47 
24 20 0 89 7 6 116 0 37 47 27 50 30 3 0 15 84 32 0 0 0 150 137 4 0 3 114 9 8 6 0 7 0 12 0 82 0 105 24 27 0 16 42 0 63 42 0 70 40 0 24 40 8 0 0 5 64 21 35 32 57 11 10 0 
0 0 0 10 23 0 0 0 0 42 6 16 0 0 0 0 0 48 0 0 0 18 12 40 26 18 45 64 0 36 72 4 0 0 0 0 48 105 15 30 0 19 0 10 0 0 0 6 64 0 8 24 48 45 0 25 16 0 24 0 6 0 0 0 
12 12 0 27 72 0 54 0 0 0 0 0 0 32 54 48 0 5 0 18 0 0 8 0 0 0 6 0 0 0 0 0 62 16 0 0 36 0 6 0 40 0 21 0 0 0 36 0 0 0 0 42 0 0 0 0 0 0 11 0 15 6 0 0 
36 0 0 48 0 0 48 24 24 0 0 32 0 0 2 0 42 43 0 0 0 42 0 14 0 0 36 56 6 0 63 0 0 18 0 0 59 0 0 21 0 14 12 5 4 0 48 16 56 2 7 6 6 0 6 21 0 0 103 2 0 0 0 0 
42 24 30 83 84 0 200 0 82 130 21 61 48 0 0 14 30 0 0 81 0 111 134 0 21 0 42 0 13 0 0 6 0 37 0 70 14 72 0 48 36 42 0 69 0 0 62 6 48 0 18 0 0 0 7 8 72 0 105 36 51 6 12 0 
0 0 0 42 0 6 36 0 6 0 10 0 0 0 0 18 24 0 0 0 0 24 0 0 0 45 56 9 0 0 0 7 0 0 7 0 0 54 0 0 56 0 45 0 72 63 0 5 0 0 0 48 0 0 49 0 0 24 0 0 0 6 0 0 
0 12 0 0 88 48 0 57 0 73 6 28 24 36 66 0 63 0 0 0 0 63 67 0 0 27 127 104 5 0 0 56 63 26 49 85 74 63 21 0 45 0 45 0 20 9 0 58 0 10 15 0 56 63 0 144 40 0 36 28 0 48 0 0 
0 6 0 28 18 0 113 48 24 0 0 17 0 12 0 12 56 15 0 0 0 88 18 0 0 0 64 0 3 24 0 0 0 0 0 27 48 36 15 0 0 10 0 0 36 24 0 40 72 0 9 32 0 0 0 0 24 12 0 20 0 15 18 0 
21 0 18 0 63 0 0 12 0 106 0 0 0 0 32 0 0 64 0 0 0 0 0 0 0 0 0 64 0 0 0 0 0 0 46 64 28 12 0 0 36 42 0 54 0 72 54 32 0 9 0 0 32 0 0 36 0 0 24 16 30 3 0 0 
0 62 0 63 54 0 65 18 26 0 45 17 0 0 30 0 40 15 0 0 12 67 18 81 99 0 112 27 0 108 0 18 0 0 0 0 0 54 80 0 63 19 0 90 0 0 0 76 40 0 0 90 48 63 0 0 72 0 20 56 0 5 10 45 
(strassen)

