1101 1087 1080 1274 1219 1301 1394 1120 1210 1163 1202 1391 1222 1253 1472 1351 1140 1264 1098 1156 1288 1223 1338 1423 1209 1332 1209 1448 1196 1181 1266 1100 1353 1297 1338 1175 1021 1232 1116 1194 1292 1368 977 1300 1263 1338 1269 1458 1327 1332 1220 1275 1356 1345 1089 1301 1224 1248 1288 1279 1265 1397 1372 1456 
1067 970 1070 1325 1260 1123 1234 1115 992 1093 1266 1139 1071 1160 1258 1291 1144 1248 993 1154 1327 1232 1314 1389 1176 1217 1184 1240 1101 1036 1250 1054 1267 1195 1085 1091 1100 1001 1089 1162 1200 1294 1069 1345 1032 1125 1196 1407 1257 1137 1121 1156 1259 1109 1248 1211 1104 1135 1041 1193 1149 1400 1241 1186 
1202 1144 1205 1157 1334 1305 1371 1125 1211 1194 1147 1257 1235 1236 1504 1344 1247 1188 1033 1097 1408 1237 1495 1399 1335 1318 1147 1445 1305 1272 1324 1092 1307 1286 1174 1245 1025 1158 1210 1257 1347 1464 1169 1242 1279 1271 1166 1439 1266 1239 1074 1331 1262 1353 1189 1336 1282 1197 1301 1134 1240 1520 1341 1573 
1169 1137 1303 1309 1545 1368 1525 1282 1259 1257 1253 1503 1254 1207 1638 1488 1388 1246 1174 1279 1498 1236 1403 1470 1279 1426 1319 1452 1270 1306 1318 1173 1308 1258 1166 1225 1154 1170 1348 1307 1361 1524 1153 1356 1493 1246 1341 1549 1478 1382 1203 1481 1328 1383 1193 1370 1252 1293 1478 1240 1264 1603 1527 1643 
1280 1203 1353 1383 1482 1473 1402 1322 1186 1344 1406 1470 1380 1435 1668 1577 1441 1397 1226 1366 1491 1271 1599 1662 1356 1496 1463 1539 1426 1386 1523 1104 1562 1383 1276 1305 1234 1355 1336 1311 1526 1714 1238 1599 1520 1415 1394 1599 1530 1425 1246 1552 1497 1365 1377 1354 1408 1380 1306 1381 1293 1740 1599 1570 
1047 999 1131 1090 1237 1109 1211 1134 1046 1066 1092 1091 1054 1201 1335 1238 1178 1106 1017 993 1250 1241 1385 1392 1227 1209 1081 1304 1225 1154 1232 1069 1246 1087 1018 1000 1169 959 1150 1041 1128 1411 1145 1236 1170 1096 1100 1297 1173 1097 1102 1118 1076 1218 1198 1223 1212 1070 1012 1047 1079 1388 1256 1350 
1135 1004 1230 1336 1441 1278 1284 1263 1168 1101 1350 1362 1194 1235 1545 1326 1196 1267 924 1187 1313 1173 1374 1489 1342 1337 1263 1364 1175 1258 1456 1134 1249 1370 1171 1212 1244 1153 1307 1264 1306 1468 1105 1377 1329 1117 1307 1413 1270 1061 1115 1367 1346 1266 1233 1182 1330 1292 1291 1122 1095 1374 1291 1327 
1138 1148 1157 1093 1310 1076 1261 1082 1073 1211 1223 1230 1081 1115 1299 1321 1219 1232 862 957 1188 1167 1318 1486 1043 1150 1189 1250 1219 1200 1172 1074 1278 1197 1115 1126 1194 1161 1066 1127 1176 1412 1107 1339 1237 1163 1230 1434 1205 1228 1178 1243 1170 1226 1302 1200 1148 1130 1141 1226 1093 1371 1361 1195 
1322 1359 1486 1422 1644 1429 1616 1334 1382 1352 1602 1561 1381 1455 1687 1592 1374 1466 1204 1338 1621 1504 1624 1819 1591 1619 1472 1700 1492 1542 1612 1310 1619 1521 1535 1431 1433 1361 1368 1471 1567 1726 1285 1723 1631 1414 1501 1777 1551 1537 1481 1552 1565 1599 1501 1532 1539 1497 1529 1411 1508 1747 1632 1636 
1127 1190 1101 1384 1467 1362 1330 1167 1144 1091 1248 1402 1166 1473 1682 1386 1284 1454 1048 1317 1410 1191 1520 1494 1291 1438 1344 1504 1294 1316 1383 1095 1402 1478 1263 1239 1163 1283 1292 1294 1346 1642 1206 1534 1378 1401 1263 1463 1400 1290 1154 1425 1453 1322 1341 1289 1283 1429 1276 1455 1296 1501 1422 1542 
953 1007 1043 1269 1235 978 1184 1071 1054 1096 1210 1091 1064 1053 1425 1278 1173 1145 821 1023 1222 1101 1205 1334 1055 1037 1145 1328 974 956 1274 1078 1222 1126 1100 1049 1110 990 1093 1002 1136 1190 1010 1203 1120 1067 1105 1344 1181 1163 1124 1118 1124 1169 1050 1126 1098 1091 1155 1019 982 1333 1358 1248 
1151 1168 1203 1400 1433 1249 1391 1267 1278 1244 1407 1390 1218 1391 1485 1492 1317 1352 1133 1217 1506 1350 1518 1631 1377 1483 1348 1575 1379 1174 1442 1207 1448 1390 1216 1252 1117 1297 1333 1187 1357 1479 1166 1413 1592 1393 1312 1424 1337 1412 1264 1403 1483 1424 1283 1347 1346 1311 1543 1426 1123 1520 1550 1506 
1137 1341 1255 1246 1310 1238 1538 1107 1253 1124 1299 1454 1173 1179 1481 1250 1297 1252 1221 1272 1423 1393 1459 1487 1332 1426 1333 1475 1337 1272 1499 1120 1353 1318 1201 1300 1234 1266 1168 1292 1274 1467 1151 1404 1319 1339 1328 1506 1285 1401 1203 1421 1411 1387 1182 1202 1224 1201 1411 1297 1241 1585 1528 1540 
1155 1274 1326 1421 1635 1360 1449 1305 1213 1283 1374 1406 1256 1294 1572 1607 1512 1455 1092 1189 1442 1376 1479 1644 1470 1390 1460 1519 1382 1474 1478 1116 1439 1328 1341 1321 1312 1263 1376 1250 1524 1589 1199 1576 1360 1285 1550 1579 1513 1461 1343 1480 1387 1464 1384 1366 1255 1328 1239 1381 1290 1645 1652 1568 
1103 1010 1199 1161 1420 1073 1262 1114 1162 1091 1130 1197 1140 1194 1356 1278 1061 1043 865 1032 1234 1203 1082 1294 1150 1284 1153 1331 983 1252 1277 993 1078 1149 1062 1096 1217 1038 1065 1172 1215 1385 1197 1168 1049 1237 1116 1412 1374 1131 1165 1215 1297 1257 1280 1073 1043 1126 1249 1113 1067 1408 1312 1309 
1044 1108 1102 1243 1311 1263 1279 1151 1151 1060 1278 1356 1118 1257 1435 1296 1182 1320 1010 1027 1274 1186 1340 1401 1288 1278 1253 1459 1294 1260 1427 1083 1274 1236 1168 1213 1157 1217 1154 1146 1324 1420 944 1356 1279 1206 1271 1389 1265 1186 1241 1311 1231 1283 1305 1199 1222 1255 1150 1296 1175 1331 1404 1326 
1136 1035 1228 1221 1232 1204 1311 1173 1106 1165 1233 1160 1134 1250 1446 1337 1204 1248 924 1198 1219 1191 1399 1382 1221 1369 1268 1463 1136 1214 1301 1144 1308 1227 1132 1122 1149 1220 1215 1154 1264 1391 1040 1354 1201 1152 1151 1365 1337 1247 1109 1332 1334 1242 1130 1304 1202 1192 1224 1166 1151 1414 1225 1277 
1132 1272 1360 1391 1557 1263 1535 1178 1255 1319 1411 1432 1254 1444 1563 1518 1320 1337 1174 1298 1484 1296 1296 1580 1448 1429 1419 1620 1351 1339 1476 1316 1342 1370 1323 1317 1271 1219 1279 1289 1516 1469 1104 1471 1397 1355 1416 1577 1468 1339 1341 1417 1454 1364 1398 1404 1366 1287 1378 1387 1304 1613 1554 1526 
1108 1089 1130 1301 1270 1083 1270 1067 1182 1096 1245 1243 990 1293 1370 1260 1051 1178 940 1122 1204 1158 1341 1384 1221 1295 1212 1362 1198 1244 1225 1074 1272 1169 1215 1266 1182 1334 1001 1181 1212 1460 1038 1375 1205 1262 1248 1419 1319 1170 1256 1212 1305 1207 1347 1045 1261 1183 1299 1222 1077 1491 1197 1268 
1179 1093 1262 1282 1473 1390 1332 1138 1191 1273 1334 1433 1254 1325 1608 1458 1382 1296 1148 1324 1305 1266 1443 1608 1255 1434 1211 1466 1373 1359 1493 1117 1478 1310 1085 1298 1173 1233 1225 1101 1280 1603 1209 1458 1477 1368 1274 1535 1358 1408 1217 1502 1372 1242 1258 1368 1354 1288 1348 1300 1389 1629 1535 1591 
1037 1083 1128 1277 1410 1062 1382 1078 1120 1092 1320 1207 1166 1249 1432 1357 1260 1249 880 1059 1329 1272 1482 1429 1335 1193 1080 1323 1208 1214 1197 1024 1296 1132 1093 1203 1119 1132 1136 1144 1338 1318 1220 1242 1427 1144 1131 1314 1178 1094 1056 1240 1171 1268 1233 1305 1302 1193 1317 1103 1264 1380 1250 1409 
1056 953 1063 1184 1290 1225 1222 1117 1026 1041 1132 1081 1079 1258 1373 1271 1146 1145 1040 1146 1157 1189 1202 1356 1190 1267 1065 1320 1122 1177 1228 971 1267 1175 1089 1094 1050 977 989 1086 1209 1373 1032 1263 1163 1251 1113 1295 1276 1227 1127 1147 1177 1173 1229 1238 1187 1099 1095 1230 1183 1377 1081 1248 
1093 1085 1141 1381 1340 1248 1376 1083 1074 1219 1257 1337 1210 1283 1303 1427 1289 1176 1034 1212 1345 1164 1389 1549 1246 1190 1241 1396 1167 1241 1329 1025 1373 1140 1170 1161 1101 1154 1015 1180 1272 1411 1055 1296 1292 1141 1270 1341 1281 1311 1202 1258 1339 1175 1174 1308 1339 1235 1194 1256 1161 1510 1370 1344 
1125 1113 1172 1320 1369 1316 1312 1152 1249 1240 1303 1227 1109 1262 1552 1343 1368 1301 1100 1224 1319 1268 1506 1516 1295 1388 1280 1428 1216 1270 1411 1187 1537 1328 1180 1300 1256 1174 1290 1133 1322 1507 1126 1348 1251 1210 1283 1422 1339 1341 1232 1363 1270 1381 1239 1260 1313 1186 1258 1288 1289 1591 1457 1503 
1053 1076 1239 1316 1438 1274 1340 1201 1240 1186 1296 1313 1275 1142 1562 1469 1385 1322 971 1200 1312 1327 1350 1490 1273 1247 1228 1483 1236 1287 1336 1103 1360 1219 1103 1123 1143 1203 1255 1203 1285 1447 1222 1349 1390 1345 1115 1495 1480 1284 1070 1448 1301 1386 1221 1262 1133 1254 1497 1178 1269 1444 1429 1475 
1108 1247 1263 1274 1373 1225 1427 1135 1160 1081 1293 1458 1190 1353 1387 1277 1139 1259 1115 1175 1395 1300 1333 1509 1376 1334 1315 1483 1269 1243 1431 1174 1332 1259 1191 1273 1154 1166 1125 1307 1320 1448 1036 1460 1236 1216 1316 1378 1412 1377 1258 1212 1478 1399 1370 1297 1266 1339 1227 1291 1096 1355 1383 1306 
1163 1138 1110 1219 1492 1296 1272 1089 1244 1122 1372 1455 1258 1414 1413 1443 1326 1262 971 1283 1227 1275 1375 1453 1300 1294 1272 1395 1144 1336 1254 1039 1416 1224 1298 1201 1163 1289 1251 1240 1263 1488 1142 1284 1482 1261 1316 1416 1432 1263 1174 1522 1371 1409 1220 1140 1269 1231 1367 1163 1231 1503 1403 1373 
1052 1059 977 1289 1365 1280 1391 1105 1106 1111 1218 1263 1176 1237 1440 1436 1206 1288 1100 1168 1398 1217 1319 1381 1228 1222 1209 1295 1184 1196 1284 1059 1199 1173 1130 1107 1061 1206 1141 1162 1205 1284 1070 1292 1173 1273 1260 1321 1318 1203 1218 1251 1230 1320 1166 1304 1217 1156 1213 1227 1179 1420 1186 1231 
1232 1190 1279 1449 1435 1443 1642 1330 1268 1317 1476 1485 1427 1418 1667 1599 1378 1392 1210 1168 1510 1306 1568 1718 1393 1475 1382 1592 1344 1307 1594 1246 1500 1344 1309 1397 1296 1332 1408 1219 1384 1645 1192 1534 1476 1296 1256 1597 1474 1381 1344 1529 1551 1395 1291 1403 1476 1489 1454 1365 1376 1548 1608 1599 
1241 1165 1370 1413 1581 1345 1579 1312 1318 1343 1358 1315 1346 1412 1689 1585 1366 1388 1161 1241 1503 1393 1537 1653 1344 1498 1353 1454 1359 1533 1409 1236 1472 1366 1208 1316 1463 1293 1327 1242 1446 1685 1366 1548 1464 1466 1434 1632 1431 1417 1387 1489 1411 1514 1403 1504 1488 1358 1448 1448 1373 1715 1548 1548 
1182 1011 1213 1437 1539 1432 1411 1299 1259 1136 1406 1429 1264 1360 1624 1412 1278 1347 959 1222 1383 1301 1372 1590 1276 1344 1201 1393 1164 1259 1445 1210 1436 1341 1256 1247 1249 1166 1212 1154 1230 1569 1141 1385 1339 1270 1285 1557 1384 1213 1204 1429 1400 1373 1348 1279 1269 1416 1341 1239 1336 1466 1429 1453 
1007 934 1083 1040 1146 1143 1121 1149 1074 1050 1088 1213 1067 1237 1424 1328 1289 1175 934 1114 1118 1055 1182 1289 1156 1195 1231 1332 1111 1019 1262 990 1208 1036 1068 1013 919 1030 1126 1034 1240 1348 987 1230 1246 1263 1033 1251 1247 1093 1112 1192 1060 1091 1093 1188 1057 1169 1107 1266 1048 1318 1367 1406 
1213 1247 1225 1316 1528 1293 1450 1280 1180 1259 1356 1237 1196 1321 1565 1431 1271 1292 1030 1309 1416 1350 1470 1526 1324 1418 1267 1638 1404 1347 1285 1200 1498 1292 1261 1268 1292 1228 1246 1239 1322 1493 1216 1471 1339 1398 1187 1469 1496 1351 1367 1321 1402 1294 1411 1395 1426 1266 1355 1299 1299 1603 1407 1547 
969 968 1048 1406 1331 1113 1318 1163 1168 1181 1119 1221 1037 1342 1372 1351 1107 1221 971 1171 1242 1157 1347 1416 1214 1343 1252 1308 1082 1269 1217 1048 1386 1121 1116 1169 1095 1208 1131 1086 1321 1337 1095 1108 1278 1173 1189 1346 1209 1244 1161 1166 1366 1310 1354 1288 1214 1210 1180 1257 1172 1485 1345 1254 
1173 1150 1122 1256 1251 1125 1322 988 1075 1098 1238 1220 1100 1192 1341 1326 1170 1184 1024 1197 1283 1196 1340 1435 1215 1215 1215 1342 1024 1153 1229 1029 1273 1135 1110 1063 1208 1076 1020 1153 1114 1313 1047 1196 1124 979 1254 1458 1280 1162 1051 1353 1277 1247 1182 1197 1128 1080 1163 1184 1178 1461 1362 1281 
1031 1065 1162 1222 1424 1179 1247 1041 1122 1071 1427 1294 1175 1189 1369 1332 1247 1223 962 1183 1202 1136 1295 1422 1184 1289 1097 1267 1039 1164 1303 1089 1337 1170 1095 1203 1098 1026 1090 1102 1200 1267 1064 1243 1325 1079 1208 1405 1297 1100 1034 1348 1262 1171 1157 1140 1175 1167 1282 1181 1263 1343 1403 1322 
1008 1272 1177 1349 1379 1071 1506 1247 1157 1145 1374 1321 1104 1205 1392 1374 1298 1346 937 1187 1303 1244 1321 1588 1259 1344 1266 1342 1232 1212 1421 1180 1347 1164 1027 1253 1137 1232 1143 1028 1264 1394 1142 1366 1323 1189 1256 1354 1385 1347 1258 1259 1350 1424 1410 1261 1197 1308 1278 1324 1221 1380 1486 1309 
1042 1141 1215 1253 1444 1110 1428 1178 1239 1143 1330 1255 1153 1292 1488 1413 1173 1328 1030 1020 1301 1372 1293 1456 1285 1356 1222 1271 1151 1333 1482 1133 1253 1246 1160 1349 1259 1131 1220 1120 1327 1399 1176 1371 1327 1245 1363 1459 1299 1228 1254 1368 1273 1356 1335 1213 1292 1245 1301 1194 1289 1470 1444 1334 
1189 1208 1212 1402 1421 1263 1457 1344 1105 1258 1323 1401 1159 1346 1633 1461 1387 1409 1110 1275 1365 1258 1422 1554 1370 1376 1374 1588 1354 1223 1611 1175 1368 1420 1163 1240 1326 1274 1331 1236 1379 1606 1134 1465 1450 1317 1296 1520 1441 1377 1268 1496 1394 1273 1367 1331 1311 1369 1297 1251 1220 1538 1473 1453 
1131 1177 1201 1360 1458 1351 1448 1258 1162 1195 1300 1344 1196 1343 1521 1541 1320 1282 1005 1130 1278 1197 1402 1650 1349 1232 1241 1516 1280 1305 1479 1203 1434 1350 1337 1277 1300 1189 1182 1284 1339 1427 1171 1483 1466 1347 1146 1548 1433 1282 1223 1322 1433 1337 1313 1274 1441 1424 1420 1306 1314 1409 1407 1416 
1161 1138 1124 1306 1322 1215 1409 1186 1170 1173 1194 1200 975 1218 1411 1393 1224 1224 1061 1220 1344 1234 1345 1545 1339 1366 1315 1345 1130 1180 1397 1192 1337 1231 1053 1137 1264 1211 1171 1068 1149 1343 1114 1225 1201 1181 1296 1371 1253 1302 1261 1344 1345 1344 1200 1200 1211 1126 1236 1400 1143 1496 1399 1378 
1264 1176 1295 1319 1363 1333 1466 1301 1315 1214 1352 1455 1322 1264 1531 1437 1396 1290 1052 1208 1495 1402 1543 1610 1330 1360 1316 1624 1340 1312 1468 1129 1316 1220 1092 1261 1136 1294 1166 1310 1391 1675 1210 1385 1306 1290 1304 1489 1474 1336 1231 1383 1321 1470 1322 1359 1217 1262 1325 1297 1308 1537 1446 1554 
1141 1198 1238 1379 1389 1291 1391 1193 1176 1214 1375 1390 1324 1183 1465 1467 1437 1357 1060 1200 1388 1297 1360 1399 1156 1208 1232 1460 1266 1215 1324 1066 1328 1140 1258 1153 1193 1105 1192 1354 1338 1439 1150 1298 1265 1232 1273 1539 1505 1221 1232 1346 1191 1253 1362 1314 1249 1263 1394 1121 1137 1533 1435 1428 
1139 1201 1311 1377 1501 1252 1438 1371 1254 1198 1504 1363 1194 1396 1513 1341 1255 1279 1103 1329 1536 1413 1484 1583 1325 1468 1358 1552 1385 1376 1440 1228 1531 1393 1232 1237 1253 1253 1296 1223 1445 1531 1182 1517 1460 1317 1321 1581 1429 1360 1201 1355 1488 1369 1424 1290 1331 1304 1381 1229 1229 1653 1613 1428 
1184 1134 1286 1325 1411 1358 1409 1277 1248 1226 1313 1434 1361 1319 1531 1433 1358 1290 1155 1327 1485 1348 1536 1559 1335 1428 1394 1467 1244 1330 1296 1086 1480 1352 1359 1301 1193 1153 1297 1436 1461 1474 1234 1364 1432 1335 1383 1573 1380 1340 1214 1361 1350 1418 1177 1344 1446 1308 1366 1243 1353 1587 1386 1521 
1073 1119 1074 1239 1180 1050 1313 1073 1071 1100 1092 1186 958 1139 1364 1301 1096 1165 935 1030 1260 1043 1378 1423 1110 1212 1183 1329 1133 1083 1339 1269 1250 1270 1077 1096 1217 1078 1131 1160 1134 1335 1022 1318 1221 1048 1088 1329 1227 1185 1003 1203 1289 1232 1053 1235 1236 1207 1252 1156 1050 1314 1249 1259 
1199 1257 1320 1461 1592 1430 1501 1339 1235 1240 1507 1465 1325 1308 1716 1458 1517 1457 1079 1309 1495 1457 1530 1534 1295 1352 1484 1579 1473 1439 1540 1114 1411 1417 1366 1321 1404 1373 1360 1397 1500 1596 1270 1594 1276 1386 1429 1638 1540 1320 1358 1427 1367 1430 1523 1338 1274 1294 1203 1279 1245 1725 1546 1468 
1142 1130 1233 1196 1355 1325 1201 1227 1295 1234 1367 1398 1219 1275 1671 1366 1241 1438 1059 1271 1197 1141 1307 1610 1179 1443 1247 1446 1127 1301 1457 1143 1442 1333 1190 1172 1228 1132 1208 1149 1234 1600 1092 1353 1353 1336 1295 1510 1391 1286 1150 1419 1293 1328 1278 1249 1226 1299 1347 1311 1253 1376 1445 1459 
1354 1244 1414 1491 1655 1555 1491 1398 1404 1410 1513 1578 1327 1522 1779 1634 1378 1590 1225 1354 1604 1408 1488 1986 1458 1633 1496 1749 1368 1445 1708 1378 1632 1659 1406 1310 1363 1385 1299 1313 1397 1835 1273 1665 1533 1457 1474 1747 1559 1523 1478 1574 1586 1619 1530 1482 1433 1533 1520 1604 1420 1685 1639 1514 
1016 1105 1120 1006 1248 1171 1131 1073 1164 1065 1207 1253 1127 1013 1270 1243 1168 1131 997 907 1138 1223 1234 1336 1102 1136 1074 1332 1166 1204 1222 879 1289 1114 1060 1145 1101 945 1139 1147 1187 1303 1008 1207 1289 1066 1165 1323 1253 1201 1051 1142 1035 1144 1134 1074 1215 1081 1254 1074 1076 1306 1334 1302 
1112 1082 1170 1229 1383 1227 1239 1095 1249 1127 1336 1440 1099 1234 1578 1259 1269 1373 988 1208 1293 1211 1394 1486 1194 1248 1242 1449 1287 1358 1365 1108 1236 1389 1096 1221 1056 1192 1232 1299 1226 1500 1190 1384 1294 1314 1285 1430 1300 1212 1149 1416 1264 1232 1333 1214 1229 1293 1222 1219 1172 1420 1414 1400 
977 1117 1053 1302 1194 1126 1257 1007 1061 1027 1177 1271 936 1155 1309 1136 1088 1165 1014 1084 1310 1176 1346 1389 1122 1121 1177 1381 1173 1068 1375 1112 1211 1269 1028 1119 1168 1072 1020 1163 1120 1315 976 1325 1104 1025 1266 1351 1020 1174 1046 1181 1283 1205 1172 1138 1190 1093 1065 1172 1086 1424 1310 1201 
1262 1269 1210 1388 1430 1169 1418 1185 1226 1217 1399 1388 1131 1226 1595 1415 1402 1334 1003 1221 1243 1350 1495 1626 1284 1335 1333 1534 1308 1252 1506 1282 1393 1476 1330 1397 1348 1346 1261 1293 1354 1530 1237 1495 1403 1367 1435 1582 1428 1336 1268 1426 1379 1302 1271 1219 1394 1280 1313 1308 1253 1583 1594 1527 
1125 1131 1251 1367 1368 1304 1423 1175 1204 1146 1429 1428 1329 1386 1599 1457 1477 1397 1101 1326 1402 1343 1515 1548 1279 1261 1442 1538 1342 1300 1314 1233 1408 1237 1251 1213 1244 1152 1316 1324 1454 1561 1218 1535 1413 1398 1331 1463 1346 1329 1386 1389 1301 1324 1166 1353 1402 1233 1334 1349 1250 1458 1518 1583 
1319 1308 1310 1412 1665 1478 1565 1365 1363 1291 1400 1587 1366 1399 1792 1711 1464 1594 1335 1382 1534 1297 1540 1673 1477 1512 1495 1589 1323 1558 1617 1204 1494 1513 1379 1396 1427 1305 1312 1402 1524 1556 1298 1476 1608 1475 1542 1691 1609 1457 1440 1511 1464 1534 1424 1480 1481 1561 1511 1537 1414 1636 1659 1640 
904 1080 999 1170 1305 1005 1175 971 1150 978 1140 1317 904 1188 1390 1220 1144 1187 904 1058 1298 1155 1178 1225 1081 1097 1164 1257 1131 1078 1179 980 1103 1100 981 1072 933 1062 1045 987 1149 1254 1001 1108 1249 1159 1207 1274 1188 1161 1089 1147 1154 1166 1244 1081 1010 1163 1211 1138 1009 1323 1395 1349 
1179 1166 1151 1323 1289 1159 1326 1073 1158 1178 1251 1249 1156 1288 1408 1355 1152 1211 1134 1165 1465 1372 1504 1420 1244 1306 1202 1330 1175 1070 1350 1179 1406 1308 1190 1110 1217 1146 1105 1200 1248 1379 1144 1274 1245 1166 1303 1465 1282 1262 1132 1306 1379 1374 1178 1278 1255 1144 1321 1167 1108 1543 1438 1366 
1147 1191 1218 1442 1541 1274 1385 1319 1250 1218 1329 1385 1260 1420 1650 1471 1297 1460 1124 1210 1517 1282 1469 1558 1204 1421 1383 1587 1321 1421 1478 1173 1350 1424 1166 1307 1280 1231 1326 1274 1408 1653 1248 1528 1415 1346 1383 1495 1490 1322 1301 1373 1372 1345 1439 1290 1391 1382 1282 1354 1238 1663 1567 1490 
1229 1113 1320 1323 1454 1459 1440 1370 1205 1297 1421 1353 1297 1267 1735 1519 1339 1428 1125 1319 1440 1325 1504 1574 1400 1525 1330 1549 1320 1346 1522 1058 1499 1367 1317 1247 1273 1286 1260 1255 1421 1622 1157 1554 1318 1323 1364 1598 1493 1455 1316 1474 1454 1379 1381 1443 1219 1370 1206 1397 1282 1647 1511 1661 
1113 1050 1243 1384 1483 1301 1267 1155 1224 1248 1258 1385 1227 1276 1435 1447 1113 1382 1082 1187 1390 1234 1302 1554 1268 1441 1310 1426 1199 1345 1252 1154 1298 1283 1118 1135 1075 1211 1143 1177 1300 1395 1222 1333 1234 1277 1355 1465 1401 1229 1255 1359 1434 1326 1254 1258 1227 1255 1260 1363 1317 1529 1488 1400 
1059 1151 1184 1375 1398 1152 1425 1190 1189 1197 1207 1216 1180 1284 1444 1438 1140 1325 963 1032 1354 1304 1411 1467 1308 1357 1237 1504 1171 1249 1375 1097 1296 1308 1231 1256 1184 1210 1080 1093 1338 1379 1115 1372 1332 1170 1300 1401 1271 1263 1121 1287 1370 1351 1186 1288 1286 1246 1314 1281 1228 1512 1330 1433 
1026 1148 1051 1237 1289 1146 1315 1055 1134 1060 1102 1274 1038 1285 1376 1274 1195 1244 1040 1198 1181 1090 1302 1382 1029 1261 1220 1369 1114 1230 1214 1079 1247 1247 1114 1140 1082 1149 1102 1163 1140 1437 1079 1309 1246 1222 1146 1343 1333 1213 986 1237 1281 1243 1246 1110 1159 1173 1196 1230 1163 1478 1289 1265 
1062 1185 1164 1186 1353 1228 1427 1216 1175 1086 1284 1330 1206 1336 1508 1322 1193 1304 1138 1036 1446 1333 1333 1347 1148 1375 1279 1377 1325 1288 1329 981 1213 1240 1190 1238 1164 1185 1167 1147 1344 1549 1062 1455 1309 1337 1283 1468 1382 1255 1264 1310 1302 1308 1289 1165 1197 1242 1289 1241 1177 1463 1414 1406 
1175 1175 1237 1392 1537 1251 1320 1142 1222 1196 1418 1426 1241 1304 1462 1458 1294 1303 965 1226 1497 1361 1517 1549 1374 1271 1293 1501 1249 1232 1360 1046 1486 1271 1257 1254 1169 1244 1231 1262 1395 1411 1172 1364 1374 1145 1310 1554 1428 1306 1183 1284 1407 1363 1368 1318 1219 1293 1291 1240 1259 1564 1525 1449 
(naive)

1101 1087 1080 1274 1219 1301 1394 1120 1210 1163 1202 1391 1222 1253 1472 1351 1140 1264 1098 1156 1288 1223 1338 1423 1209 1332 1209 1448 1196 1181 1266 1100 1353 1297 1338 1175 1021 1232 1116 1194 1292 1368 977 1300 1263 1338 1269 1458 1327 1332 1220 1275 1356 1345 1089 1301 1224 1248 1288 1279 1265 1397 1372 1456 
1067 970 1070 1325 1260 1123 1234 1115 992 1093 1266 1139 1071 1160 1258 1291 1144 1248 993 1154 1327 1232 1314 1389 1176 1217 1184 1240 1101 1036 1250 1054 1267 1195 1085 1091 1100 1001 1089 1162 1200 1294 1069 1345 1032 1125 1196 1407 1257 1137 1121 1156 1259 1109 1248 1211 1104 1135 1041 1193 1149 1400 1241 1186 
1202 1144 1205 1157 1334 1305 1371 1125 1211 1194 1147 1257 1235 1236 1504 1344 1247 1188 1033 1097 1408 1237 1495 1399 1335 1318 1147 1445 1305 1272 1324 1092 1307 1286 1174 1245 1025 1158 1210 1257 1347 1464 1169 1242 1279 1271 1166 1439 1266 1239 1074 1331 1262 1353 1189 1336 1282 1197 1301 1134 1240 1520 1341 1573 
1169 1137 1303 1309 1545 1368 1525 1282 1259 1257 1253 1503 1254 1207 1638 1488 1388 1246 1174 1279 1498 1236 1403 1470 1279 1426 1319 1452 1270 1306 1318 1173 1308 1258 1166 1225 1154 1170 1348 1307 1361 1524 1153 1356 1493 1246 1341 1549 1478 1382 1203 1481 1328 1383 1193 1370 1252 1293 1478 1240 1264 1603 1527 1643 
1280 1203 1353 1383 1482 1473 1402 1322 1186 1344 1406 1470 1380 1435 1668 1577 1441 1397 1226 1366 1491 1271 1599 1662 1356 1496 1463 1539 1426 1386 1523 1104 1562 1383 1276 1305 1234 1355 1336 1311 1526 1714 1238 1599 1520 1415 1394 1599 1530 1425 1246 1552 1497 1365 1377 1354 1408 1380 1306 1381 1293 1740 1599 1570 
1047 999 1131 1090 1237 1109 1211 1134 1046 1066 1092 1091 1054 1201 1335 1238 1178 1106 1017 993 1250 1241 1385 1392 1227 1209 1081 1304 1225 1154 1232 1069 1246 1087 1018 1000 1169 959 1150 1041 1128 1411 1145 1236 1170 1096 1100 1297 1173 1097 1102 1118 1076 1218 1198 1223 1212 1070 1012 1047 1079 1388 1256 1350 
1135 1004 1230 1336 1441 1278 1284 1263 1168 1101 1350 1362 1194 1235 1545 1326 1196 1267 924 1187 1313 1173 1374 1489 1342 1337 1263 1364 1175 1258 1456 1134 1249 1370 1171 1212 1244 1153 1307 1264 1306 1468 1105 1377 1329 1117 1307 1413 1270 1061 1115 1367 1346 1266 1233 1182 1330 1292 1291 1122 1095 1374 1291 1327 
1138 1148 1157 1093 1310 1076 1261 1082 1073 1211 1223 1230 1081 1115 1299 1321 1219 1232 862 957 1188 1167 1318 1486 1043 1150 1189 1250 1219 1200 1172 1074 1278 1197 1115 1126 1194 1161 1066 1127 1176 1412 1107 1339 1237 1163 1230 1434 1205 1228 1178 1243 1170 1226 1302 1200 1148 1130 1141 1226 1093 1371 1361 1195 
1322 1359 1486 1422 1644 1429 1616 1334 1382 1352 1602 1561 1381 1455 1687 1592 1374 1466 1204 1338 1621 1504 1624 1819 1591 1619 1472 1700 1492 1542 1612 1310 1619 1521 1535 1431 1433 1361 1368 1471 1567 1726 1285 1723 1631 1414 1501 1777 1551 1537 1481 1552 1565 1599 1501 1532 1539 1497 1529 1411 1508 1747 1632 1636 
1127 1190 1101 1384 1467 1362 1330 1167 1144 1091 1248 1402 1166 1473 1682 1386 1284 1454 1048 1317 1410 1191 1520 1494 1291 1438 1344 1504 1294 1316 1383 1095 1402 1478 1263 1239 1163 1283 1292 1294 1346 1642 1206 1534 1378 1401 1263 1463 1400 1290 1154 1425 1453 1322 1341 1289 1283 1429 1276 1455 1296 1501 1422 1542 
953 1007 1043 1269 1235 978 1184 1071 1054 1096 1210 1091 1064 1053 1425 1278 1173 1145 821 1023 1222 1101 1205 1334 1055 1037 1145 1328 974 956 1274 1078 1222 1126 1100 1049 1110 990 1093 1002 1136 1190 1010 1203 1120 1067 1105 1344 1181 1163 1124 1118 1124 1169 1050 1126 1098 1091 1155 1019 982 1333 1358 1248 
1151 1168 1203 1400 1433 1249 1391 1267 1278 1244 1407 1390 1218 1391 1485 1492 1317 1352 1133 1217 1506 1350 1518 1631 1377 1483 1348 1575 1379 1174 1442 1207 1448 1390 1216 1252 1117 1297 1333 1187 1357 1479 1166 1413 1592 1393 1312 1424 1337 1412 1264 1403 1483 1424 1283 1347 1346 1311 1543 1426 1123 1520 1550 1506 
1137 1341 1255 1246 1310 1238 1538 1107 1253 1124 1299 1454 1173 1179 1481 1250 1297 1252 1221 1272 1423 1393 1459 1487 1332 1426 1333 1475 1337 1272 1499 1120 1353 1318 1201 1300 1234 1266 1168 1292 1274 1467 1151 1404 1319 1339 1328 1506 1285 1401 1203 1421 1411 1387 1182 1202 1224 1201 1411 1297 1241 1585 1528 1540 
1155 1274 1326 1421 1635 1360 1449 1305 1213 1283 1374 1406 1256 1294 1572 1607 1512 1455 1092 1189 1442 1376 1479 1644 1470 1390 1460 1519 1382 1474 1478 1116 1439 1328 1341 1321 1312 1263 1376 1250 1524 1589 1199 1576 1360 1285 1550 1579 1513 1461 1343 1480 1387 1464 1384 1366 1255 1328 1239 1381 1290 1645 1652 1568 
1103 1010 1199 1161 1420 1073 1262 1114 1162 1091 1130 1197 1140 1194 1356 1278 1061 1043 865 1032 1234 1203 1082 1294 1150 1284 1153 1331 983 1252 1277 993 1078 1149 1062 1096 1217 1038 1065 1172 1215 1385 1197 1168 1049 1237 1116 1412 1374 1131 1165 1215 1297 1257 1280 1073 1043 1126 1249 1113 1067 1408 1312 1309 
1044 1108 1102 1243 1311 1263 1279 1151 1151 1060 1278 1356 1118 1257 1435 1296 1182 1320 1010 1027 1274 1186 1340 1401 1288 1278 1253 1459 1294 1260 1427 1083 1274 1236 1168 1213 1157 1217 1154 1146 1324 1420 944 1356 1279 1206 1271 1389 1265 1186 1241 1311 1231 1283 1305 1199 1222 1255 1150 1296 1175 1331 1404 1326 
1136 1035 1228 1221 1232 1204 1311 1173 1106 1165 1233 1160 1134 1250 1446 1337 1204 1248 924 1198 1219 1191 1399 1382 1221 1369 1268 1463 1136 1214 1301 1144 1308 1227 1132 1122 1149 1220 1215 1154 1264 1391 1040 1354 1201 1152 1151 1365 1337 1247 1109 1332 1334 1242 1130 1304 1202 1192 1224 1166 1151 1414 1225 1277 
1132 1272 1360 1391 1557 1263 1535 1178 1255 1319 1411 1432 1254 1444 1563 1518 1320 1337 1174 1298 1484 1296 1296 1580 1448 1429 1419 1620 1351 1339 1476 1316 1342 1370 1323 1317 1271 1219 1279 1289 1516 1469 1104 1471 1397 1355 1416 1577 1468 1339 1341 1417 1454 1364 1398 1404 1366 1287 1378 1387 1304 1613 1554 1526 
1108 1089 1130 1301 1270 1083 1270 1067 1182 1096 1245 1243 990 1293 1370 1260 1051 1178 940 1122 1204 1158 1341 1384 1221 1295 1212 1362 1198 1244 1225 1074 1272 1169 1215 1266 1182 1334 1001 1181 1212 1460 1038 1375 1205 1262 1248 1419 1319 1170 1256 1212 1305 1207 1347 1045 1261 1183 1299 1222 1077 1491 1197 1268 
1179 1093 1262 1282 1473 1390 1332 1138 1191 1273 1334 1433 1254 1325 1608 1458 1382 1296 1148 1324 1305 1266 1443 1608 1255 1434 1211 1466 1373 1359 1493 1117 1478 1310 1085 1298 1173 1233 1225 1101 1280 1603 1209 1458 1477 1368 1274 1535 1358 1408 1217 1502 1372 1242 1258 1368 1354 1288 1348 1300 1389 1629 1535 1591 
1037 1083 1128 1277 1410 1062 1382 1078 1120 1092 1320 1207 1166 1249 1432 1357 1260 1249 880 1059 1329 1272 1482 1429 1335 1193 1080 1323 1208 1214 1197 1024 1296 1132 1093 1203 1119 1132 1136 1144 1338 1318 1220 1242 1427 1144 1131 1314 1178 1094 1056 1240 1171 1268 1233 1305 1302 1193 1317 1103 1264 1380 1250 1409 
1056 953 1063 1184 1290 1225 1222 1117 1026 1041 1132 1081 1079 1258 1373 1271 1146 1145 1040 1146 1157 1189 1202 1356 1190 1267 1065 1320 1122 1177 1228 971 1267 1175 1089 1094 1050 977 989 1086 1209 1373 1032 1263 1163 1251 1113 1295 1276 1227 1127 1147 1177 1173 1229 1238 1187 1099 1095 1230 1183 1377 1081 1248 
1093 1085 1141 1381 1340 1248 1376 1083 1074 1219 1257 1337 1210 1283 1303 1427 1289 1176 1034 1212 1345 1164 1389 1549 1246 1190 1241 1396 1167 1241 1329 1025 1373 1140 1170 1161 1101 1154 1015 1180 1272 1411 1055 1296 1292 1141 1270 1341 1281 1311 1202 1258 1339 1175 1174 1308 1339 1235 1194 1256 1161 1510 1370 1344 
1125 1113 1172 1320 1369 1316 1312 1152 1249 1240 1303 1227 1109 1262 1552 1343 1368 1301 1100 1224 1319 1268 1506 1516 1295 1388 1280 1428 1216 1270 1411 1187 1537 1328 1180 1300 1256 1174 1290 1133 1322 1507 1126 1348 1251 1210 1283 1422 1339 1341 1232 1363 1270 1381 1239 1260 1313 1186 1258 1288 1289 1591 1457 1503 
1053 1076 1239 1316 1438 1274 1340 1201 1240 1186 1296 1313 1275 1142 1562 1469 1385 1322 971 1200 1312 1327 1350 1490 1273 1247 1228 1483 1236 1287 1336 1103 1360 1219 1103 1123 1143 1203 1255 1203 1285 1447 1222 1349 1390 1345 1115 1495 1480 1284 1070 1448 1301 1386 1221 1262 1133 1254 1497 1178 1269 1444 1429 1475 
1108 1247 1263 1274 1373 1225 1427 1135 1160 1081 1293 1458 1190 1353 1387 1277 1139 1259 1115 1175 1395 1300 1333 1509 1376 1334 1315 1483 1269 1243 1431 1174 1332 1259 1191 1273 1154 1166 1125 1307 1320 1448 1036 1460 1236 1216 1316 1378 1412 1377 1258 1212 1478 1399 1370 1297 1266 1339 1227 1291 1096 1355 1383 1306 
1163 1138 1110 1219 1492 1296 1272 1089 1244 1122 1372 1455 1258 1414 1413 1443 1326 1262 971 1283 1227 1275 1375 1453 1300 1294 1272 1395 1144 1336 1254 1039 1416 1224 1298 1201 1163 1289 1251 1240 1263 1488 1142 1284 1482 1261 1316 1416 1432 1263 1174 1522 1371 1409 1220 1140 1269 1231 1367 1163 1231 1503 1403 1373 
1052 1059 977 1289 1365 1280 1391 1105 1106 1111 1218 1263 1176 1237 1440 1436 1206 1288 1100 1168 1398 1217 1319 1381 1228 1222 1209 1295 1184 1196 1284 1059 1199 1173 1130 1107 1061 1206 1141 1162 1205 1284 1070 1292 1173 1273 1260 1321 1318 1203 1218 1251 1230 1320 1166 1304 1217 1156 1213 1227 1179 1420 1186 1231 
1232 1190 1279 1449 1435 1443 1642 1330 1268 1317 1476 1485 1427 1418 1667 1599 1378 1392 1210 1168 1510 1306 1568 1718 1393 1475 1382 1592 1344 1307 1594 1246 1500 1344 1309 1397 1296 1332 1408 1219 1384 1645 1192 1534 1476 1296 1256 1597 1474 1381 1344 1529 1551 1395 1291 1403 1476 1489 1454 1365 1376 1548 1608 1599 
1241 1165 1370 1413 1581 1345 1579 1312 1318 1343 1358 1315 1346 1412 1689 1585 1366 1388 1161 1241 1503 1393 1537 1653 1344 1498 1353 1454 1359 1533 1409 1236 1472 1366 1208 1316 1463 1293 1327 1242 1446 1685 1366 1548 1464 1466 1434 1632 1431 1417 1387 1489 1411 1514 1403 1504 1488 1358 1448 1448 1373 1715 1548 1548 
1182 1011 1213 1437 1539 1432 1411 1299 1259 1136 1406 1429 1264 1360 1624 1412 1278 1347 959 1222 1383 1301 1372 1590 1276 1344 1201 1393 1164 1259 1445 1210 1436 1341 1256 1247 1249 1166 1212 1154 1230 1569 1141 1385 1339 1270 1285 1557 1384 1213 1204 1429 1400 1373 1348 1279 1269 1416 1341 1239 1336 1466 1429 1453 
1007 934 1083 1040 1146 1143 1121 1149 1074 1050 1088 1213 1067 1237 1424 1328 1289 1175 934 1114 1118 1055 1182 1289 1156 1195 1231 1332 1111 1019 1262 990 1208 1036 1068 1013 919 1030 1126 1034 1240 1348 987 1230 1246 1263 1033 1251 1247 1093 1112 1192 1060 1091 1093 1188 1057 1169 1107 1266 1048 1318 1367 1406 
1213 1247 1225 1316 1528 1293 1450 1280 1180 1259 1356 1237 1196 1321 1565 1431 1271 1292 1030 1309 1416 1350 1470 1526 1324 1418 1267 1638 1404 1347 1285 1200 1498 1292 1261 1268 1292 1228 1246 1239 1322 1493 1216 1471 1339 1398 1187 1469 1496 1351 1367 1321 1402 1294 1411 1395 1426 1266 1355 1299 1299 1603 1407 1547 
969 968 1048 1406 1331 1113 1318 1163 1168 1181 1119 1221 1037 1342 1372 1351 1107 1221 971 1171 1242 1157 1347 1416 1214 1343 1252 1308 1082 1269 1217 1048 1386 1121 1116 1169 1095 1208 1131 1086 1321 1337 1095 1108 1278 1173 1189 1346 1209 1244 1161 1166 1366 1310 1354 1288 1214 1210 1180 1257 1172 1485 1345 1254 
1173 1150 1122 1256 1251 1125 1322 988 1075 1098 1238 1220 1100 1192 1341 1326 1170 1184 1024 1197 1283 1196 1340 1435 1215 1215 1215 1342 1024 1153 1229 1029 1273 1135 1110 1063 1208 1076 1020 1153 1114 1313 1047 1196 1124 979 1254 1458 1280 1162 1051 1353 1277 1247 1182 1197 1128 1080 1163 1184 1178 1461 1362 1281 
1031 1065 1162 1222 1424 1179 1247 1041 1122 1071 1427 1294 1175 1189 1369 1332 1247 1223 962 1183 1202 1136 1295 1422 1184 1289 1097 1267 1039 1164 1303 1089 1337 1170 1095 1203 1098 1026 1090 1102 1200 1267 1064 1243 1325 1079 1208 1405 1297 1100 1034 1348 1262 1171 1157 1140 1175 1167 1282 1181 1263 1343 1403 1322 
1008 1272 1177 1349 1379 1071 1506 1247 1157 1145 1374 1321 1104 1205 1392 1374 1298 1346 937 1187 1303 1244 1321 1588 1259 1344 1266 1342 1232 1212 1421 1180 1347 1164 1027 1253 1137 1232 1143 1028 1264 1394 1142 1366 1323 1189 1256 1354 1385 1347 1258 1259 1350 1424 1410 1261 1197 1308 1278 1324 1221 1380 1486 1309 
1042 1141 1215 1253 1444 1110 1428 1178 1239 1143 1330 1255 1153 1292 1488 1413 1173 1328 1030 1020 1301 1372 1293 1456 1285 1356 1222 1271 1151 1333 1482 1133 1253 1246 1160 1349 1259 1131 1220 1120 1327 1399 1176 1371 1327 1245 1363 1459 1299 1228 1254 1368 1273 1356 1335 1213 1292 1245 1301 1194 1289 1470 1444 1334 
1189 1208 1212 1402 1421 1263 1457 1344 1105 1258 1323 1401 1159 1346 1633 1461 1387 1409 1110 1275 1365 1258 1422 1554 1370 1376 1374 1588 1354 1223 1611 1175 1368 1420 1163 1240 1326 1274 1331 1236 1379 1606 1134 1465 1450 1317 1296 1520 1441 1377 1268 1496 1394 1273 1367 1331 1311 1369 1297 1251 1220 1538 1473 1453 
1131 1177 1201 1360 1458 1351 1448 1258 1162 1195 1300 1344 1196 1343 1521 1541 1320 1282 1005 1130 1278 1197 1402 1650 1349 1232 1241 1516 1280 1305 1479 1203 1434 1350 1337 1277 1300 1189 1182 1284 1339 1427 1171 1483 1466 1347 1146 1548 1433 1282 1223 1322 1433 1337 1313 1274 1441 1424 1420 1306 1314 1409 1407 1416 
1161 1138 1124 1306 1322 1215 1409 1186 1170 1173 1194 1200 975 1218 1411 1393 1224 1224 1061 1220 1344 1234 1345 1545 1339 1366 1315 1345 1130 1180 1397 1192 1337 1231 1053 1137 1264 1211 1171 1068 1149 1343 1114 1225 1201 1181 1296 1371 1253 1302 1261 1344 1345 1344 1200 1200 1211 1126 1236 1400 1143 1496 1399 1378 
1264 1176 1295 1319 1363 1333 1466 1301 1315 1214 1352 1455 1322 1264 1531 1437 1396 1290 1052 1208 1495 1402 1543 1610 1330 1360 1316 1624 1340 1312 1468 1129 1316 1220 1092 1261 1136 1294 1166 1310 1391 1675 1210 1385 1306 1290 1304 1489 1474 1336 1231 1383 1321 1470 1322 1359 1217 1262 1325 1297 1308 1537 1446 1554 
1141 1198 1238 1379 1389 1291 1391 1193 1176 1214 1375 1390 1324 1183 1465 1467 1437 1357 1060 1200 1388 1297 1360 1399 1156 1208 1232 1460 1266 1215 1324 1066 1328 1140 1258 1153 1193 1105 1192 1354 1338 1439 1150 1298 1265 1232 1273 1539 1505 1221 1232 1346 1191 1253 1362 1314 1249 1263 1394 1121 1137 1533 1435 1428 
1139 1201 1311 1377 1501 1252 1438 1371 1254 1198 1504 1363 1194 1396 1513 1341 1255 1279 1103 1329 1536 1413 1484 1583 1325 1468 1358 1552 1385 1376 1440 1228 1531 1393 1232 1237 1253 1253 1296 1223 1445 1531 1182 1517 1460 1317 1321 1581 1429 1360 1201 1355 1488 1369 1424 1290 1331 1304 1381 1229 1229 1653 1613 1428 
1184 1134 1286 1325 1411 1358 1409 1277 1248 1226 1313 1434 1361 1319 1531 1433 1358 1290 1155 1327 1485 1348 1536 1559 1335 1428 1394 1467 1244 1330 1296 1086 1480 1352 1359 1301 1193 1153 1297 1436 1461 1474 1234 1364 1432 1335 1383 1573 1380 1340 1214 1361 1350 1418 1177 1344 1446 1308 1366 1243 1353 1587 1386 1521 
1073 1119 1074 1239 1180 1050 1313 1073 1071 1100 1092 1186 958 1139 1364 1301 1096 1165 935 1030 1260 1043 1378 1423 1110 1212 1183 1329 1133 1083 1339 1269 1250 1270 1077 1096 1217 1078 1131 1160 1134 1335 1022 1318 1221 1048 1088 1329 1227 1185 1003 1203 1289 1232 1053 1235 1236 1207 1252 1156 1050 1314 1249 1259 
1199 1257 1320 1461 1592 1430 1501 1339 1235 1240 1507 1465 1325 1308 1716 1458 1517 1457 1079 1309 1495 1457 1530 1534 1295 1352 1484 1579 1473 1439 1540 1114 1411 1417 1366 1321 1404 1373 1360 1397 1500 1596 1270 1594 1276 1386 1429 1638 1540 1320 1358 1427 1367 1430 1523 1338 1274 1294 1203 1279 1245 1725 1546 1468 
1142 1130 1233 1196 1355 1325 1201 1227 1295 1234 1367 1398 1219 1275 1671 1366 1241 1438 1059 1271 1197 1141 1307 1610 1179 1443 1247 1446 1127 1301 1457 1143 1442 1333 1190 1172 1228 1132 1208 1149 1234 1600 1092 1353 1353 1336 1295 1510 1391 1286 1150 1419 1293 1328 1278 1249 1226 1299 1347 1311 1253 1376 1445 1459 
1354 1244 1414 1491 1655 1555 1491 1398 1404 1410 1513 1578 1327 1522 1779 1634 1378 1590 1225 1354 1604 1408 1488 1986 1458 1633 1496 1749 1368 1445 1708 1378 1632 1659 1406 1310 1363 1385 1299 1313 1397 1835 1273 1665 1533 1457 1474 1747 1559 1523 1478 1574 1586 1619 1530 1482 1433 1533 1520 1604 1420 1685 1639 1514 
1016 1105 1120 1006 1248 1171 1131 1073 1164 1065 1207 1253 1127 1013 1270 1243 1168 1131 997 907 1138 1223 1234 1336 1102 1136 1074 1332 1166 1204 1222 879 1289 1114 1060 1145 1101 945 1139 1147 1187 1303 1008 1207 1289 1066 1165 1323 1253 1201 1051 1142 1035 1144 1134 1074 1215 1081 1254 1074 1076 1306 1334 1302 
1112 1082 1170 1229 1383 1227 1239 1095 1249 1127 1336 1440 1099 1234 1578 1259 1269 1373 988 1208 1293 1211 1394 1486 1194 1248 1242 1449 1287 1358 1365 1108 1236 1389 1096 1221 1056 1192 1232 1299 1226 1500 1190 1384 1294 1314 1285 1430 1300 1212 1149 1416 1264 1232 1333 1214 1229 1293 1222 1219 1172 1420 1414 1400 
977 1117 1053 1302 1194 1126 1257 1007 1061 1027 1177 1271 936 1155 1309 1136 1088 1165 1014 1084 1310 1176 1346 1389 1122 1121 1177 1381 1173 1068 1375 1112 1211 1269 1028 1119 1168 1072 1020 1163 1120 1315 976 1325 1104 1025 1266 1351 1020 1174 1046 1181 1283 1205 1172 1138 1190 1093 1065 1172 1086 1424 1310 1201 
1262 1269 1210 1388 1430 1169 1418 1185 1226 1217 1399 1388 1131 1226 1595 1415 1402 1334 1003 1221 1243 1350 1495 1626 1284 1335 1333 1534 1308 1252 1506 1282 1393 1476 1330 1397 1348 1346 1261 1293 1354 1530 1237 1495 1403 1367 1435 1582 1428 1336 1268 1426 1379 1302 1271 1219 1394 1280 1313 1308 1253 1583 1594 1527 
1125 1131 1251 1367 1368 1304 1423 1175 1204 1146 1429 1428 1329 1386 1599 1457 1477 1397 1101 1326 1402 1343 1515 1548 1279 1261 1442 1538 1342 1300 1314 1233 1408 1237 1251 1213 1244 1152 1316 1324 1454 1561 1218 1535 1413 1398 1331 1463 1346 1329 1386 1389 1301 1324 1166 1353 1402 1233 1334 1349 1250 1458 1518 1583 
1319 1308 1310 1412 1665 1478 1565 1365 1363 1291 1400 1587 1366 1399 1792 1711 1464 1594 1335 1382 1534 1297 1540 1673 1477 1512 1495 1589 1323 1558 1617 1204 1494 1513 1379 1396 1427 1305 1312 1402 1524 1556 1298 1476 1608 1475 1542 1691 1609 1457 1440 1511 1464 1534 1424 1480 1481 1561 1511 1537 1414 1636 1659 1640 
904 1080 999 1170 1305 1005 1175 971 1150 978 1140 1317 904 1188 1390 1220 1144 1187 904 1058 1298 1155 1178 1225 1081 1097 1164 1257 1131 1078 1179 980 1103 1100 981 1072 933 1062 1045 987 1149 1254 1001 1108 1249 1159 1207 1274 1188 1161 1089 1147 1154 1166 1244 1081 1010 1163 1211 1138 1009 1323 1395 1349 
1179 1166 1151 1323 1289 1159 1326 1073 1158 1178 1251 1249 1156 1288 1408 1355 1152 1211 1134 1165 1465 1372 1504 1420 1244 1306 1202 1330 1175 1070 1350 1179 1406 1308 1190 1110 1217 1146 1105 1200 1248 1379 1144 1274 1245 1166 1303 1465 1282 1262 1132 1306 1379 1374 1178 1278 1255 1144 1321 1167 1108 1543 1438 1366 
1147 1191 1218 1442 1541 1274 1385 1319 1250 1218 1329 1385 1260 1420 1650 1471 1297 1460 1124 1210 1517 1282 1469 1558 1204 1421 1383 1587 1321 1421 1478 1173 1350 1424 1166 1307 1280 1231 1326 1274 1408 1653 1248 1528 1415 1346 1383 1495 1490 1322 1301 1373 1372 1345 1439 1290 1391 1382 1282 1354 1238 1663 1567 1490 
1229 1113 1320 1323 1454 1459 1440 1370 1205 1297 1421 1353 1297 1267 1735 1519 1339 1428 1125 1319 1440 1325 1504 1574 1400 1525 1330 1549 1320 1346 1522 1058 1499 1367 1317 1247 1273 1286 1260 1255 1421 1622 1157 1554 1318 1323 1364 1598 1493 1455 1316 1474 1454 1379 1381 1443 1219 1370 1206 1397 1282 1647 1511 1661 
1113 1050 1243 1384 1483 1301 1267 1155 1224 1248 1258 1385 1227 1276 1435 1447 1113 1382 1082 1187 1390 1234 1302 1554 1268 1441 1310 1426 1199 1345 1252 1154 1298 1283 1118 1135 1075 1211 1143 1177 1300 1395 1222 1333 1234 1277 1355 1465 1401 1229 1255 1359 1434 1326 1254 1258 1227 1255 1260 1363 1317 1529 1488 1400 
1059 1151 1184 1375 1398 1152 1425 1190 1189 1197 1207 1216 1180 1284 1444 1438 1140 1325 963 1032 1354 1304 1411 1467 1308 1357 1237 1504 1171 1249 1375 1097 1296 1308 1231 1256 1184 1210 1080 1093 1338 1379 1115 1372 1332 1170 1300 1401 1271 1263 1121 1287 1370 1351 1186 1288 1286 1246 1314 1281 1228 1512 1330 1433 
1026 1148 1051 1237 1289 1146 1315 1055 1134 1060 1102 1274 1038 1285 1376 1274 1195 1244 1040 1198 1181 1090 1302 1382 1029 1261 1220 1369 1114 1230 1214 1079 1247 1247 1114 1140 1082 1149 1102 1163 1140 1437 1079 1309 1246 1222 1146 1343 1333 1213 986 1237 1281 1243 1246 1110 1159 1173 1196 1230 1163 1478 1289 1265 
1062 1185 1164 1186 1353 1228 1427 1216 1175 1086 1284 1330 1206 1336 1508 1322 1193 1304 1138 1036 1446 1333 1333 1347 1148 1375 1279 1377 1325 1288 1329 981 1213 1240 1190 1238 1164 1185 1167 1147 1344 1549 1062 1455 1309 1337 1283 1468 1382 1255 1264 1310 1302 1308 1289 1165 1197 1242 1289 1241 1177 1463 1414 1406 
1175 1175 1237 1392 1537 1251 1320 1142 1222 1196 1418 1426 1241 1304 1462 1458 1294 1303 965 1226 1497 1361 1517 1549 1374 1271 1293 1501 1249 1232 1360 1046 1486 1271 1257 1254 1169 1244 1231 1262 1395 1411 1172 1364 1374 1145 1310 1554 1428 1306 1183 1284 1407 1363 1368 1318 1219 1293 1291 1240 1259 1564 1525 1449 
(strassen)

