1547 1256 1302 1301 1668 1182 1258 1271 1514 1504 1249 1586 1390 1419 1419 1640 1225 1578 1578 1386 1478 1485 1364 1369 1651 1336 1132 1319 1430 1300 1111 1262 1438 1404 1445 1406 1414 1541 1390 1262 1388 1365 1422 1400 1242 1269 1464 1262 1298 1102 1462 1061 1493 1434 1409 1391 1431 1464 1270 1403 1302 1186 1484 1369 
1572 1315 1304 1261 1698 1352 1344 1253 1544 1622 1340 1526 1380 1452 1436 1759 1527 1701 1612 1539 1545 1598 1455 1293 1646 1471 1206 1418 1352 1327 1211 1295 1366 1396 1554 1410 1442 1538 1413 1324 1486 1420 1287 1372 1300 1296 1376 1242 1394 1297 1406 1058 1538 1476 1557 1510 1382 1441 1426 1468 1312 1267 1495 1403 
1273 1006 1036 1091 1163 939 1071 1013 1028 1277 1102 1410 977 1162 1122 1244 1081 1200 1279 1330 1145 1252 1228 988 1209 1075 938 1231 1213 1018 988 1054 1176 1087 1181 1090 1117 1241 1148 972 1138 1115 1100 1174 909 1103 1270 1002 1147 1062 1159 854 1201 1181 1093 1201 1093 1082 1116 1035 1076 1104 1155 1129 
1107 1118 1037 916 1251 867 1054 901 1032 1212 1240 1254 1048 1055 1075 1261 1081 1212 1182 1164 1124 1016 1124 1008 1199 988 914 1098 1256 991 1075 1140 1013 1128 1018 1167 1017 1212 1158 987 984 1160 1004 1058 904 1102 1060 1059 1116 990 1106 861 1063 1179 1129 1224 1177 1195 1056 1085 1143 1048 1146 1089 
1223 1038 997 963 1432 970 1022 979 1015 1112 1092 1238 1005 1190 1185 1281 998 1267 1298 1220 1148 1123 1213 1062 1224 1124 934 1093 1098 948 986 1217 1067 1212 1251 1184 1140 1141 1292 1144 1157 1148 1002 1051 1052 999 1106 1037 1053 988 1130 991 1156 1227 1151 1110 1215 1226 1157 1154 1113 895 1340 1055 
1342 1155 1148 1119 1453 1119 1085 1004 1204 1252 1055 1451 1067 1216 1290 1443 1062 1405 1341 1217 1179 1155 1262 1198 1351 1122 956 1247 1277 1176 897 1347 1259 1268 1117 1300 1238 1359 1304 1057 1245 1230 1257 1219 1038 1128 1261 1033 1224 921 1288 1047 1223 1268 1315 1346 1127 1252 1061 1213 1147 1102 1189 1099 
1240 1233 1128 1120 1519 1064 1046 1104 1208 1175 1200 1395 1195 1126 1390 1255 1159 1423 1497 1353 1218 1241 1287 1045 1340 1235 1037 1222 1142 1245 1047 1214 1241 1370 1171 1350 1138 1267 1401 1156 1288 1264 1138 1239 1238 1250 1352 1103 1280 1024 1180 975 1277 1419 1289 1387 1234 1221 1222 1328 1226 1132 1274 1155 
1302 1183 1156 946 1416 957 1094 1040 1154 1388 1127 1346 1126 1277 1243 1414 1123 1407 1372 1317 1249 1281 1350 1196 1243 997 876 1197 1210 990 1128 1235 1138 1307 1290 1165 1235 1238 1316 1198 1135 1267 1157 1230 1096 1021 1138 1131 1148 1020 1222 973 1206 1269 1285 1276 1053 1225 1163 1247 1124 1166 1324 1128 
1456 1222 1204 1247 1644 1207 1169 1142 1293 1554 1377 1436 1342 1375 1366 1588 1224 1486 1462 1409 1519 1524 1383 1280 1563 1376 1097 1261 1352 1128 1239 1314 1298 1471 1418 1284 1360 1484 1408 1159 1338 1296 1232 1339 1234 1268 1317 1206 1327 1222 1347 1006 1456 1410 1388 1359 1252 1380 1459 1284 1243 1192 1463 1386 
1420 1307 1290 1216 1536 1145 1237 1241 1358 1455 1305 1600 1278 1306 1458 1489 1189 1444 1575 1383 1343 1350 1484 1147 1530 1326 1031 1272 1538 1281 1242 1307 1383 1327 1336 1400 1317 1523 1240 1221 1368 1314 1442 1335 1264 1313 1463 1249 1384 1094 1390 977 1382 1589 1361 1505 1502 1371 1251 1432 1229 1116 1397 1366 
1326 1193 1156 1150 1437 1127 1094 1169 1398 1408 1256 1342 1233 1276 1336 1511 1217 1581 1446 1343 1415 1433 1405 1095 1375 1286 1092 1223 1233 1189 1230 1158 1220 1294 1287 1290 1278 1409 1263 1018 1297 1212 1290 1280 1175 1211 1306 1061 1188 1188 1371 944 1231 1287 1248 1404 1280 1325 1167 1320 1207 1114 1283 1298 
1287 1127 1065 951 1380 1131 1019 1005 1211 1218 1056 1279 1101 1184 1117 1406 1050 1314 1302 1169 1284 1191 1190 1158 1227 1166 931 1199 1188 1094 964 1279 1081 1195 1190 1130 1158 1291 1293 1001 1181 1193 1105 1102 944 1169 1127 981 1128 1017 1191 904 1171 1177 1246 1232 1035 1140 1015 1097 1161 1115 1212 1166 
1377 1197 1103 1179 1458 1038 1081 981 1094 1519 1133 1357 1192 1277 1206 1300 1206 1508 1492 1345 1259 1258 1336 1111 1359 1161 1017 1288 1312 1045 1018 1305 1227 1137 1211 1218 1326 1382 1302 1126 1308 1268 1294 1173 1150 1119 1284 1075 1320 1162 1303 909 1331 1300 1308 1397 1221 1225 1207 1217 1258 1243 1218 1224 
1192 1174 1128 989 1249 965 1141 1078 1275 1206 1144 1325 1081 1136 1217 1312 1171 1365 1311 1207 1118 1182 1174 1061 1207 1152 967 1201 1178 1104 1016 1209 1091 1246 1187 1140 1118 1282 1230 1037 1162 1176 1251 1182 1115 1185 1163 1029 1099 966 1220 866 1102 1301 1169 1309 1216 1168 1036 1213 1036 1143 1217 1217 
1383 1419 1177 1222 1616 1112 1182 1081 1219 1502 1210 1567 1298 1377 1398 1374 1232 1535 1554 1410 1371 1357 1399 1197 1414 1342 1101 1339 1375 1241 1169 1318 1421 1341 1313 1293 1261 1565 1505 1250 1383 1258 1198 1254 1135 1273 1340 1165 1344 1259 1242 1006 1396 1426 1415 1466 1211 1317 1193 1529 1358 1202 1339 1317 
1247 1056 1042 1092 1524 1075 942 1169 1214 1309 1177 1242 1168 1163 1221 1290 1120 1288 1371 1324 1297 1231 1336 1116 1391 1278 963 1175 1200 1139 1080 1185 1210 1305 1203 1169 1211 1421 1242 990 1138 1282 1191 1208 1244 1115 1165 1203 1109 1057 1189 969 1268 1279 1300 1391 1195 1305 1340 1254 1151 1064 1351 1145 
1611 1367 1177 1154 1575 1177 1326 1098 1280 1456 1386 1655 1302 1289 1364 1580 1336 1494 1527 1489 1429 1466 1305 1233 1581 1412 1134 1414 1358 1248 1229 1255 1347 1388 1444 1259 1391 1536 1360 1338 1320 1490 1179 1300 1293 1236 1371 1263 1298 1271 1420 1059 1324 1423 1371 1320 1334 1476 1265 1336 1261 1214 1611 1430 
1321 1233 1155 1040 1373 1047 1025 1021 1149 1463 1130 1328 1198 1376 1298 1331 1162 1506 1341 1365 1232 1350 1373 1111 1453 1027 1020 1257 1314 1090 1037 1070 1219 1249 1213 1314 1169 1428 1336 1133 1234 1019 1099 1352 1056 959 1112 1155 1152 996 1202 821 1152 1166 1266 1247 1254 1360 1177 1261 1283 1215 1278 1084 
1161 1066 989 1113 1442 972 1085 944 1121 1339 935 1415 1135 1158 1240 1350 1047 1245 1123 1129 1248 1143 1132 1157 1283 1161 939 1216 1180 981 934 1122 1112 1244 1203 1206 1068 1273 1278 946 1059 1155 1194 1011 1021 1001 1135 951 1125 914 1271 935 1159 1212 1133 1240 978 1084 928 1179 989 951 1111 1221 
1459 1252 1230 1232 1673 1117 1147 1275 1295 1509 1296 1482 1218 1295 1400 1502 1183 1487 1516 1278 1467 1469 1401 1228 1412 1291 1025 1246 1230 1125 1246 1316 1401 1460 1378 1384 1464 1455 1321 1079 1314 1352 1368 1371 1247 1396 1403 1192 1391 1128 1319 1159 1456 1499 1328 1462 1276 1251 1335 1419 1138 1208 1420 1387 
1617 1320 1272 1266 1639 1223 1230 1332 1331 1634 1373 1595 1244 1451 1468 1651 1222 1583 1581 1494 1526 1507 1393 1481 1546 1464 1092 1444 1459 1199 1304 1458 1319 1598 1358 1374 1480 1522 1406 1224 1309 1468 1353 1372 1285 1261 1411 1251 1285 1283 1372 1061 1403 1509 1383 1547 1435 1388 1310 1445 1358 1254 1595 1472 
1335 1257 1290 1125 1534 976 1161 1067 1177 1308 1201 1464 1251 1186 1284 1381 1208 1467 1467 1335 1254 1370 1341 1054 1340 1298 1120 1281 1103 1164 1089 1105 1228 1338 1220 1231 1168 1296 1309 1217 1372 1246 1240 1361 1265 1231 1383 1197 1310 1165 1258 956 1341 1330 1287 1418 1280 1255 1155 1329 1201 1112 1236 1300 
1290 1154 970 1159 1518 1022 1177 998 1034 1342 1123 1307 1144 1249 1182 1359 1096 1263 1413 1350 1286 1343 1150 1120 1393 1282 1060 1237 1286 1065 1093 1248 1242 1234 1157 1099 1228 1317 1215 985 1409 1200 1004 1003 1094 1147 1212 1242 1329 1209 1160 970 1309 1260 1283 1261 1249 1208 1235 1177 1222 961 1386 1314 
1277 1120 1036 956 1385 892 984 852 1190 1267 1067 1279 1071 1094 1133 1170 1099 1284 1242 1125 1196 1185 1175 997 1321 1067 754 1167 1176 965 978 1017 1147 1171 1257 1001 1198 1234 1120 1072 1075 1179 1083 1113 1049 1049 1127 929 1137 963 1100 877 1301 1225 1118 1153 1141 1160 1054 1132 1019 1136 1215 1151 
1599 1351 1235 1264 1571 1214 1398 1248 1315 1560 1310 1659 1415 1424 1489 1674 1369 1605 1601 1482 1412 1581 1448 1324 1547 1341 1081 1305 1488 1183 1347 1466 1321 1444 1503 1396 1445 1531 1480 1095 1358 1456 1318 1328 1331 1242 1383 1259 1370 1256 1473 1158 1393 1581 1375 1449 1253 1381 1394 1385 1317 1317 1598 1444 
1333 1245 1048 1148 1443 1123 1071 1084 1266 1247 1159 1328 1160 1169 1289 1495 1308 1389 1301 1271 1390 1369 1242 1160 1298 1352 1004 1174 1276 1283 1133 1355 1139 1330 1323 1191 1363 1308 1384 1037 1430 1324 1158 1154 1154 1269 1356 1115 1291 1099 1258 1059 1304 1440 1267 1288 1222 1320 1170 1363 1074 993 1297 1270 
1755 1623 1535 1490 1788 1324 1406 1347 1578 1805 1546 1881 1426 1571 1595 1736 1439 1808 1802 1599 1568 1595 1691 1418 1829 1533 1192 1587 1701 1473 1396 1551 1504 1678 1526 1650 1570 1798 1543 1496 1568 1664 1613 1639 1400 1401 1706 1393 1700 1387 1631 1193 1622 1671 1543 1712 1540 1667 1384 1566 1553 1471 1563 1682 
1490 1252 1154 1292 1470 1206 1112 1000 1295 1484 1247 1489 1166 1292 1360 1473 1182 1592 1460 1385 1286 1335 1466 1101 1446 1175 1067 1355 1221 1133 949 1416 1261 1368 1291 1330 1222 1411 1451 1149 1338 1433 1234 1290 1127 1243 1319 989 1302 1147 1322 997 1323 1395 1252 1374 1217 1256 1202 1285 1269 1268 1321 1285 
1522 1380 1307 1307 1584 1308 1260 1276 1415 1554 1375 1526 1445 1345 1408 1626 1283 1671 1611 1529 1441 1518 1420 1190 1570 1202 1172 1431 1392 1245 1318 1303 1557 1423 1461 1436 1321 1648 1423 1203 1394 1458 1354 1485 1279 1270 1442 1330 1335 1407 1403 1104 1391 1494 1366 1575 1519 1574 1345 1486 1313 1244 1539 1356 
1572 1225 1225 1082 1387 978 1098 1073 1124 1471 1121 1395 1141 1214 1206 1394 1151 1382 1501 1350 1309 1324 1288 1189 1392 1092 889 1190 1298 1075 1096 1331 1316 1210 1220 1163 1253 1455 1280 1183 1159 1238 1154 1220 1198 958 1300 1189 1202 1011 1208 864 1158 1255 1339 1269 1257 1343 1134 1243 1206 1314 1549 1056 
1481 1331 1295 1253 1517 1234 1254 1192 1449 1644 1329 1418 1217 1389 1340 1636 1275 1575 1417 1488 1384 1419 1326 1307 1484 1268 1214 1407 1345 1201 1057 1255 1376 1476 1282 1290 1189 1529 1366 1059 1353 1407 1321 1422 1098 1281 1264 1247 1350 1321 1304 1077 1321 1454 1507 1538 1266 1421 1172 1312 1280 1231 1324 1429 
1181 1043 917 1058 1258 1009 989 956 1092 1211 1109 1057 1051 1049 1173 1249 1046 1231 1188 1129 1155 1068 1063 1053 1307 1104 867 1021 1192 1091 939 1117 1085 1038 1043 1147 1029 1238 1122 901 1055 1109 968 961 913 969 1111 948 1077 1022 1096 736 1097 1137 1079 1199 1100 1199 1058 1100 1062 974 1216 1010 
1369 1339 1082 1053 1402 1061 1113 1061 1161 1421 1143 1413 1143 1286 1393 1336 1092 1283 1347 1223 1344 1251 1338 1078 1335 1287 917 1299 1416 1093 1185 1251 1231 1262 1315 1208 1267 1409 1230 1072 1302 1220 1211 1232 1068 1193 1238 1057 1313 1099 1225 970 1314 1405 1229 1268 1216 1239 1211 1225 1137 1150 1392 1439 
1425 1274 1109 1155 1557 1168 1192 1053 1303 1417 1265 1389 1221 1325 1421 1372 1201 1501 1512 1335 1234 1320 1281 1166 1436 1382 1041 1316 1330 1252 1007 1350 1380 1302 1189 1311 1238 1479 1317 1147 1375 1328 1133 1287 1199 1233 1219 1214 1261 1051 1286 875 1375 1367 1305 1422 1374 1435 1186 1397 1280 1122 1423 1253 
1557 1513 1269 1221 1657 1174 1277 1118 1286 1566 1265 1587 1415 1428 1487 1538 1324 1528 1580 1479 1357 1482 1406 1284 1501 1385 1029 1380 1520 1351 1261 1348 1445 1384 1471 1428 1347 1588 1479 1314 1515 1425 1312 1411 1227 1265 1440 1408 1402 1115 1364 1135 1449 1580 1452 1478 1528 1506 1325 1480 1298 1133 1502 1382 
1299 1225 1064 1057 1204 1081 1033 987 986 1383 1066 1501 1157 1101 1251 1288 1060 1299 1292 1183 1145 1063 1193 1060 1285 1225 898 1201 1363 1115 1055 1339 1027 1158 1174 1157 1132 1405 1251 1140 1054 1222 1163 1186 1004 1027 1314 987 1124 939 1210 883 1022 1235 1228 1231 1099 1125 1042 1326 1123 1080 1210 1246 
1550 1354 1194 1331 1532 1199 1166 1316 1315 1602 1217 1535 1274 1291 1366 1466 1347 1693 1696 1550 1419 1509 1372 1200 1427 1460 1108 1485 1317 1255 1147 1346 1338 1411 1266 1450 1372 1564 1423 1248 1404 1376 1272 1372 1298 1205 1400 1302 1281 1316 1259 1016 1344 1510 1360 1507 1398 1349 1261 1525 1360 1267 1499 1448 
1523 1366 1394 1221 1731 1229 1369 1241 1503 1517 1378 1698 1336 1549 1440 1492 1296 1701 1774 1569 1485 1381 1443 1331 1498 1313 1168 1447 1355 1274 1297 1392 1462 1416 1365 1549 1326 1544 1467 1321 1388 1352 1279 1418 1383 1282 1459 1290 1484 1320 1511 1029 1464 1427 1579 1626 1356 1337 1273 1577 1532 1364 1466 1298 
1390 1225 1039 998 1324 1136 1077 1002 1028 1343 1083 1373 1098 1174 1323 1351 977 1345 1374 1216 1272 1202 1252 1078 1289 1182 927 1139 1256 1134 1078 1200 1103 1160 1199 1146 1123 1349 1137 989 1127 1230 1130 1145 1048 1084 1272 934 1151 1037 1159 858 1128 1338 1194 1297 1200 1034 1047 1221 1148 1053 1352 1227 
1560 1420 1196 1424 1641 1182 1392 1208 1290 1670 1412 1588 1463 1515 1517 1506 1363 1553 1612 1575 1450 1526 1433 1253 1562 1378 1161 1335 1443 1264 1360 1374 1459 1426 1516 1454 1275 1627 1579 1264 1434 1503 1282 1373 1297 1181 1442 1314 1449 1277 1389 1175 1474 1577 1463 1563 1418 1532 1338 1546 1324 1197 1523 1355 
1550 1222 1232 1326 1579 1268 1161 1117 1271 1475 1058 1486 1324 1370 1389 1574 1125 1417 1547 1488 1473 1358 1320 1240 1488 1378 999 1448 1306 1238 1054 1429 1312 1380 1416 1278 1330 1507 1400 1092 1404 1539 1303 1304 1245 1177 1412 1197 1357 1251 1381 1118 1509 1360 1427 1494 1245 1274 1280 1323 1175 1188 1434 1342 
1526 1173 1102 1125 1373 1143 1092 1058 1193 1254 1137 1415 1231 1191 1329 1505 1166 1541 1215 1250 1232 1338 1292 1183 1385 1221 982 1201 1117 1081 951 1329 1126 1253 1200 1231 1254 1255 1377 1106 1280 1323 1216 1337 1154 1152 1293 1018 1232 1004 1263 996 1266 1340 1242 1250 1108 1255 1205 1257 1097 1215 1291 1177 
1400 1439 1307 1250 1551 1242 1186 1089 1290 1548 1275 1471 1303 1321 1297 1575 1186 1462 1483 1425 1410 1297 1362 1227 1518 1391 1201 1368 1323 1261 1137 1322 1298 1287 1253 1241 1359 1576 1351 1052 1392 1361 1292 1323 1177 1198 1503 1326 1360 1333 1358 1071 1438 1263 1449 1502 1230 1285 1268 1304 1350 1160 1422 1509 
1455 1229 1245 1300 1410 1139 1238 1106 1216 1473 1244 1545 1164 1246 1238 1357 1270 1470 1550 1319 1291 1336 1277 1136 1469 1087 959 1322 1389 1154 1154 1316 1437 1368 1259 1383 1342 1428 1234 1092 1361 1327 1206 1321 1220 1072 1395 1245 1368 1244 1279 1035 1405 1439 1246 1440 1363 1358 1220 1295 1223 1178 1416 1286 
1600 1364 1273 1266 1468 1149 1303 1125 1200 1589 1379 1603 1272 1344 1425 1500 1357 1546 1591 1347 1367 1377 1395 1194 1575 1311 995 1139 1512 1267 1358 1590 1401 1346 1395 1369 1393 1542 1354 1134 1346 1336 1256 1253 1234 1329 1520 1234 1362 1065 1379 993 1371 1479 1380 1495 1342 1409 1397 1490 1251 1357 1497 1378 
1635 1385 1330 1291 1694 1208 1331 1122 1287 1479 1387 1627 1331 1365 1422 1583 1190 1616 1513 1442 1524 1418 1537 1357 1604 1277 1197 1401 1346 1196 1181 1444 1380 1496 1314 1484 1402 1391 1529 1239 1421 1429 1382 1364 1357 1186 1421 1306 1350 1231 1474 1099 1482 1437 1439 1539 1325 1461 1294 1315 1401 1314 1505 1329 
1532 1337 1220 1315 1593 1085 1205 1105 1226 1621 1188 1560 1218 1408 1395 1497 1277 1635 1435 1330 1396 1417 1374 1250 1489 1196 955 1333 1456 1189 1136 1400 1371 1438 1353 1381 1312 1555 1458 1229 1421 1305 1357 1337 1190 1188 1412 1222 1304 1005 1252 1011 1343 1444 1345 1441 1411 1300 1172 1407 1240 1251 1444 1386 
1668 1522 1400 1458 1764 1333 1496 1293 1603 1665 1547 1854 1439 1610 1629 1628 1501 1783 1755 1736 1474 1445 1529 1440 1799 1523 1243 1553 1655 1404 1226 1660 1549 1713 1605 1585 1389 1657 1716 1457 1471 1586 1420 1457 1346 1476 1598 1341 1576 1331 1536 1191 1631 1661 1572 1674 1530 1480 1526 1608 1534 1446 1636 1594 
1493 1378 1234 1246 1593 1252 1320 1217 1375 1507 1301 1696 1390 1418 1500 1536 1237 1627 1632 1454 1375 1419 1406 1256 1501 1309 1153 1388 1394 1266 1184 1400 1350 1417 1446 1558 1309 1598 1486 1397 1357 1390 1267 1332 1313 1251 1328 1251 1314 1233 1490 1081 1304 1554 1420 1468 1366 1363 1255 1569 1292 1209 1524 1327 
1756 1570 1378 1353 1730 1328 1479 1303 1562 1744 1447 1676 1399 1559 1520 1882 1481 1740 1682 1638 1625 1518 1580 1481 1678 1504 1329 1556 1705 1406 1389 1571 1526 1500 1594 1598 1553 1794 1604 1358 1546 1511 1461 1446 1361 1430 1585 1486 1552 1415 1596 1186 1538 1587 1606 1538 1527 1671 1435 1504 1500 1373 1739 1632 
1390 1326 1266 1174 1470 1098 1286 1224 1226 1437 1236 1574 1215 1280 1331 1430 1169 1525 1426 1300 1260 1249 1391 1222 1496 1286 1113 1327 1374 1179 1166 1347 1217 1383 1296 1399 1350 1346 1292 1159 1236 1320 1375 1308 1222 1312 1359 1217 1248 1157 1285 1055 1446 1476 1337 1440 1382 1290 1351 1368 1232 1239 1406 1492 
1183 1096 1028 948 1299 821 1023 810 1014 1119 1145 1229 950 1023 1123 1124 1000 1053 1209 1097 1127 1060 1152 950 1177 1067 812 1189 1211 967 946 1147 1114 1222 1034 971 1052 1144 1119 1001 1198 1198 1047 1108 975 1062 1105 1117 1166 962 1099 879 1232 1216 1046 1155 1146 1222 1019 1057 1020 1043 1183 1127 
1545 1275 1127 1236 1598 1277 1180 1106 1350 1523 1308 1465 1373 1377 1454 1544 1118 1654 1544 1420 1377 1316 1369 1219 1415 1237 1069 1460 1356 1188 1150 1393 1379 1287 1270 1402 1292 1506 1290 1157 1342 1361 1358 1313 1296 1270 1315 1126 1317 1185 1466 943 1313 1396 1460 1534 1420 1284 1211 1412 1301 1238 1443 1184 
1558 1339 1238 1217 1575 1236 1318 1112 1219 1555 1340 1528 1370 1309 1368 1482 1251 1402 1500 1519 1406 1468 1399 1295 1446 1379 1139 1277 1461 1315 1245 1376 1425 1349 1309 1311 1292 1555 1466 1154 1384 1317 1166 1367 1203 1176 1447 1388 1525 1217 1332 1072 1434 1448 1415 1487 1265 1518 1244 1386 1294 1170 1466 1224 
1481 1283 1250 1334 1606 1181 1281 1221 1370 1499 1290 1557 1420 1376 1465 1498 1246 1570 1509 1496 1342 1478 1369 1285 1566 1355 1171 1368 1317 1274 1108 1370 1423 1383 1252 1340 1226 1584 1476 1197 1431 1338 1274 1444 1288 1238 1354 1261 1435 1160 1417 1011 1340 1409 1440 1510 1348 1398 1279 1535 1336 1280 1460 1270 
1611 1492 1340 1334 1733 1351 1443 1391 1445 1725 1382 1784 1483 1566 1663 1657 1456 1661 1834 1713 1645 1646 1592 1345 1669 1580 1170 1593 1620 1431 1390 1464 1542 1578 1652 1510 1570 1739 1540 1353 1578 1579 1429 1474 1394 1356 1492 1497 1487 1476 1620 1131 1608 1758 1448 1689 1518 1589 1369 1620 1361 1329 1743 1631 
1406 1310 1188 1276 1424 1061 1155 1036 1264 1508 1126 1523 1230 1330 1262 1474 1315 1517 1469 1384 1236 1397 1314 1017 1453 1248 1008 1361 1378 1038 1190 1317 1263 1347 1403 1259 1233 1435 1269 1192 1367 1319 1182 1221 1195 1164 1276 1075 1412 1228 1311 984 1265 1308 1391 1300 1250 1263 1234 1346 1233 1157 1347 1445 
1356 1157 1148 1172 1362 1136 1129 1181 1368 1311 1233 1495 1201 1206 1361 1327 1198 1411 1469 1423 1303 1292 1315 1084 1466 1286 1021 1352 1298 1323 1074 1271 1382 1353 1310 1230 1154 1436 1336 1158 1254 1331 1251 1286 1166 1206 1346 1160 1226 1183 1201 964 1285 1455 1305 1505 1324 1389 1236 1266 1191 1232 1393 1253 
1356 1240 1332 1183 1639 1195 1236 1280 1505 1333 1296 1436 1104 1266 1368 1554 1258 1573 1499 1411 1402 1235 1427 1301 1568 1314 1094 1485 1288 1250 1013 1258 1191 1441 1261 1404 1285 1331 1424 1180 1251 1425 1311 1363 1189 1283 1403 1099 1301 1210 1359 961 1375 1282 1307 1401 1333 1225 1263 1298 1384 1282 1400 1433 
1616 1402 1322 1405 1645 1209 1371 1248 1438 1454 1354 1673 1365 1381 1516 1576 1277 1536 1492 1350 1502 1374 1377 1275 1536 1507 1123 1299 1467 1474 1289 1540 1362 1598 1524 1456 1317 1526 1512 1197 1478 1485 1451 1372 1274 1525 1634 1216 1439 1186 1486 1171 1531 1626 1461 1502 1418 1399 1310 1527 1299 1168 1461 1524 
1436 1235 1203 1282 1482 1145 1084 979 1200 1461 1177 1514 1202 1226 1164 1458 1230 1518 1413 1271 1297 1282 1307 1057 1455 1125 853 1315 1331 1047 1143 1436 1190 1356 1192 1361 1215 1379 1287 1095 1275 1349 1173 1181 1154 1124 1299 1104 1310 1088 1279 1035 1268 1240 1306 1418 1216 1234 1152 1292 1232 1230 1255 1297 
1510 1410 1223 1213 1583 1211 1322 1144 1398 1494 1426 1540 1274 1429 1472 1543 1210 1492 1529 1515 1497 1388 1518 1248 1593 1284 1204 1370 1482 1282 1162 1382 1318 1540 1379 1330 1296 1395 1473 1255 1378 1478 1292 1276 1271 1339 1453 1221 1483 1292 1400 1085 1505 1533 1386 1438 1281 1411 1258 1335 1348 1318 1545 1403 
1413 1232 1109 1341 1457 1049 1385 1161 1268 1442 1195 1510 1167 1324 1465 1484 1207 1396 1586 1406 1340 1403 1297 1248 1492 1332 1010 1347 1492 1194 1150 1294 1417 1357 1334 1293 1215 1477 1426 1089 1329 1373 1233 1237 1025 1135 1371 1175 1280 1186 1259 1040 1317 1435 1229 1389 1322 1304 1221 1361 1288 1138 1404 1355 
1394 1119 1047 1101 1401 942 1133 1041 1164 1355 1239 1400 1161 1254 1226 1323 1096 1248 1403 1373 1338 1243 1172 1201 1217 1242 913 1232 1327 1068 1187 1293 1227 1317 1257 1164 1153 1386 1320 1138 1168 1328 1186 1136 1109 1150 1182 1151 1201 1107 1337 928 1218 1408 1159 1303 1251 1361 1148 1202 1123 1096 1390 1220 
(naive)

1547 1256 1302 1301 1668 1182 1258 1271 1514 1504 1249 1586 1390 1419 1419 1640 1225 1578 1578 1386 1478 1485 1364 1369 1651 1336 1132 1319 1430 1300 1111 1262 1438 1404 1445 1406 1414 1541 1390 1262 1388 1365 1422 1400 1242 1269 1464 1262 1298 1102 1462 1061 1493 1434 1409 1391 1431 1464 1270 1403 1302 1186 1484 1369 
1572 1315 1304 1261 1698 1352 1344 1253 1544 1622 1340 1526 1380 1452 1436 1759 1527 1701 1612 1539 1545 1598 1455 1293 1646 1471 1206 1418 1352 1327 1211 1295 1366 1396 1554 1410 1442 1538 1413 1324 1486 1420 1287 1372 1300 1296 1376 1242 1394 1297 1406 1058 1538 1476 1557 1510 1382 1441 1426 1468 1312 1267 1495 1403 
1273 1006 1036 1091 1163 939 1071 1013 1028 1277 1102 1410 977 1162 1122 1244 1081 1200 1279 1330 1145 1252 1228 988 1209 1075 938 1231 1213 1018 988 1054 1176 1087 1181 1090 1117 1241 1148 972 1138 1115 1100 1174 909 1103 1270 1002 1147 1062 1159 854 1201 1181 1093 1201 1093 1082 1116 1035 1076 1104 1155 1129 
1107 1118 1037 916 1251 867 1054 901 1032 1212 1240 1254 1048 1055 1075 1261 1081 1212 1182 1164 1124 1016 1124 1008 1199 988 914 1098 1256 991 1075 1140 1013 1128 1018 1167 1017 1212 1158 987 984 1160 1004 1058 904 1102 1060 1059 1116 990 1106 861 1063 1179 1129 1224 1177 1195 1056 1085 1143 1048 1146 1089 
1223 1038 997 963 1432 970 1022 979 1015 1112 1092 1238 1005 1190 1185 1281 998 1267 1298 1220 1148 1123 1213 1062 1224 1124 934 1093 1098 948 986 1217 1067 1212 1251 1184 1140 1141 1292 1144 1157 1148 1002 1051 1052 999 1106 1037 1053 988 1130 991 1156 1227 1151 1110 1215 1226 1157 1154 1113 895 1340 1055 
1342 1155 1148 1119 1453 1119 1085 1004 1204 1252 1055 1451 1067 1216 1290 1443 1062 1405 1341 1217 1179 1155 1262 1198 1351 1122 956 1247 1277 1176 897 1347 1259 1268 1117 1300 1238 1359 1304 1057 1245 1230 1257 1219 1038 1128 1261 1033 1224 921 1288 1047 1223 1268 1315 1346 1127 1252 1061 1213 1147 1102 1189 1099 
1240 1233 1128 1120 1519 1064 1046 1104 1208 1175 1200 1395 1195 1126 1390 1255 1159 1423 1497 1353 1218 1241 1287 1045 1340 1235 1037 1222 1142 1245 1047 1214 1241 1370 1171 1350 1138 1267 1401 1156 1288 1264 1138 1239 1238 1250 1352 1103 1280 1024 1180 975 1277 1419 1289 1387 1234 1221 1222 1328 1226 1132 1274 1155 
1302 1183 1156 946 1416 957 1094 1040 1154 1388 1127 1346 1126 1277 1243 1414 1123 1407 1372 1317 1249 1281 1350 1196 1243 997 876 1197 1210 990 1128 1235 1138 1307 1290 1165 1235 1238 1316 1198 1135 1267 1157 1230 1096 1021 1138 1131 1148 1020 1222 973 1206 1269 1285 1276 1053 1225 1163 1247 1124 1166 1324 1128 
1456 1222 1204 1247 1644 1207 1169 1142 1293 1554 1377 1436 1342 1375 1366 1588 1224 1486 1462 1409 1519 1524 1383 1280 1563 1376 1097 1261 1352 1128 1239 1314 1298 1471 1418 1284 1360 1484 1408 1159 1338 1296 1232 1339 1234 1268 1317 1206 1327 1222 1347 1006 1456 1410 1388 1359 1252 1380 1459 1284 1243 1192 1463 1386 
1420 1307 1290 1216 1536 1145 1237 1241 1358 1455 1305 1600 1278 1306 1458 1489 1189 1444 1575 1383 1343 1350 1484 1147 1530 1326 1031 1272 1538 1281 1242 1307 1383 1327 1336 1400 1317 1523 1240 1221 1368 1314 1442 1335 1264 1313 1463 1249 1384 1094 1390 977 1382 1589 1361 1505 1502 1371 1251 1432 1229 1116 1397 1366 
1326 1193 1156 1150 1437 1127 1094 1169 1398 1408 1256 1342 1233 1276 1336 1511 1217 1581 1446 1343 1415 1433 1405 1095 1375 1286 1092 1223 1233 1189 1230 1158 1220 1294 1287 1290 1278 1409 1263 1018 1297 1212 1290 1280 1175 1211 1306 1061 1188 1188 1371 944 1231 1287 1248 1404 1280 1325 1167 1320 1207 1114 1283 1298 
1287 1127 1065 951 1380 1131 1019 1005 1211 1218 1056 1279 1101 1184 1117 1406 1050 1314 1302 1169 1284 1191 1190 1158 1227 1166 931 1199 1188 1094 964 1279 1081 1195 1190 1130 1158 1291 1293 1001 1181 1193 1105 1102 944 1169 1127 981 1128 1017 1191 904 1171 1177 1246 1232 1035 1140 1015 1097 1161 1115 1212 1166 
1377 1197 1103 1179 1458 1038 1081 981 1094 1519 1133 1357 1192 1277 1206 1300 1206 1508 1492 1345 1259 1258 1336 1111 1359 1161 1017 1288 1312 1045 1018 1305 1227 1137 1211 1218 1326 1382 1302 1126 1308 1268 1294 1173 1150 1119 1284 1075 1320 1162 1303 909 1331 1300 1308 1397 1221 1225 1207 1217 1258 1243 1218 1224 
1192 1174 1128 989 1249 965 1141 1078 1275 1206 1144 1325 1081 1136 1217 1312 1171 1365 1311 1207 1118 1182 1174 1061 1207 1152 967 1201 1178 1104 1016 1209 1091 1246 1187 1140 1118 1282 1230 1037 1162 1176 1251 1182 1115 1185 1163 1029 1099 966 1220 866 1102 1301 1169 1309 1216 1168 1036 1213 1036 1143 1217 1217 
1383 1419 1177 1222 1616 1112 1182 1081 1219 1502 1210 1567 1298 1377 1398 1374 1232 1535 1554 1410 1371 1357 1399 1197 1414 1342 1101 1339 1375 1241 1169 1318 1421 1341 1313 1293 1261 1565 1505 1250 1383 1258 1198 1254 1135 1273 1340 1165 1344 1259 1242 1006 1396 1426 1415 1466 1211 1317 1193 1529 1358 1202 1339 1317 
1247 1056 1042 1092 1524 1075 942 1169 1214 1309 1177 1242 1168 1163 1221 1290 1120 1288 1371 1324 1297 1231 1336 1116 1391 1278 963 1175 1200 1139 1080 1185 1210 1305 1203 1169 1211 1421 1242 990 1138 1282 1191 1208 1244 1115 1165 1203 1109 1057 1189 969 1268 1279 1300 1391 1195 1305 1340 1254 1151 1064 1351 1145 
1611 1367 1177 1154 1575 1177 1326 1098 1280 1456 1386 1655 1302 1289 1364 1580 1336 1494 1527 1489 1429 1466 1305 1233 1581 1412 1134 1414 1358 1248 1229 1255 1347 1388 1444 1259 1391 1536 1360 1338 1320 1490 1179 1300 1293 1236 1371 1263 1298 1271 1420 1059 1324 1423 1371 1320 1334 1476 1265 1336 1261 1214 1611 1430 
1321 1233 1155 1040 1373 1047 1025 1021 1149 1463 1130 1328 1198 1376 1298 1331 1162 1506 1341 1365 1232 1350 1373 1111 1453 1027 1020 1257 1314 1090 1037 1070 1219 1249 1213 1314 1169 1428 1336 1133 1234 1019 1099 1352 1056 959 1112 1155 1152 996 1202 821 1152 1166 1266 1247 1254 1360 1177 1261 1283 1215 1278 1084 
1161 1066 989 1113 1442 972 1085 944 1121 1339 935 1415 1135 1158 1240 1350 1047 1245 1123 1129 1248 1143 1132 1157 1283 1161 939 1216 1180 981 934 1122 1112 1244 1203 1206 1068 1273 1278 946 1059 1155 1194 1011 1021 1001 1135 951 1125 914 1271 935 1159 1212 1133 1240 978 1084 928 1179 989 951 1111 1221 
1459 1252 1230 1232 1673 1117 1147 1275 1295 1509 1296 1482 1218 1295 1400 1502 1183 1487 1516 1278 1467 1469 1401 1228 1412 1291 1025 1246 1230 1125 1246 1316 1401 1460 1378 1384 1464 1455 1321 1079 1314 1352 1368 1371 1247 1396 1403 1192 1391 1128 1319 1159 1456 1499 1328 1462 1276 1251 1335 1419 1138 1208 1420 1387 
1617 1320 1272 1266 1639 1223 1230 1332 1331 1634 1373 1595 1244 1451 1468 1651 1222 1583 1581 1494 1526 1507 1393 1481 1546 1464 1092 1444 1459 1199 1304 1458 1319 1598 1358 1374 1480 1522 1406 1224 1309 1468 1353 1372 1285 1261 1411 1251 1285 1283 1372 1061 1403 1509 1383 1547 1435 1388 1310 1445 1358 1254 1595 1472 
1335 1257 1290 1125 1534 976 1161 1067 1177 1308 1201 1464 1251 1186 1284 1381 1208 1467 1467 1335 1254 1370 1341 1054 1340 1298 1120 1281 1103 1164 1089 1105 1228 1338 1220 1231 1168 1296 1309 1217 1372 1246 1240 1361 1265 1231 1383 1197 1310 1165 1258 956 1341 1330 1287 1418 1280 1255 1155 1329 1201 1112 1236 1300 
1290 1154 970 1159 1518 1022 1177 998 1034 1342 1123 1307 1144 1249 1182 1359 1096 1263 1413 1350 1286 1343 1150 1120 1393 1282 1060 1237 1286 1065 1093 1248 1242 1234 1157 1099 1228 1317 1215 985 1409 1200 1004 1003 1094 1147 1212 1242 1329 1209 1160 970 1309 1260 1283 1261 1249 1208 1235 1177 1222 961 1386 1314 
1277 1120 1036 956 1385 892 984 852 1190 1267 1067 1279 1071 1094 1133 1170 1099 1284 1242 1125 1196 1185 1175 997 1321 1067 754 1167 1176 965 978 1017 1147 1171 1257 1001 1198 1234 1120 1072 1075 1179 1083 1113 1049 1049 1127 929 1137 963 1100 877 1301 1225 1118 1153 1141 1160 1054 1132 1019 1136 1215 1151 
1599 1351 1235 1264 1571 1214 1398 1248 1315 1560 1310 1659 1415 1424 1489 1674 1369 1605 1601 1482 1412 1581 1448 1324 1547 1341 1081 1305 1488 1183 1347 1466 1321 1444 1503 1396 1445 1531 1480 1095 1358 1456 1318 1328 1331 1242 1383 1259 1370 1256 1473 1158 1393 1581 1375 1449 1253 1381 1394 1385 1317 1317 1598 1444 
1333 1245 1048 1148 1443 1123 1071 1084 1266 1247 1159 1328 1160 1169 1289 1495 1308 1389 1301 1271 1390 1369 1242 1160 1298 1352 1004 1174 1276 1283 1133 1355 1139 1330 1323 1191 1363 1308 1384 1037 1430 1324 1158 1154 1154 1269 1356 1115 1291 1099 1258 1059 1304 1440 1267 1288 1222 1320 1170 1363 1074 993 1297 1270 
1755 1623 1535 1490 1788 1324 1406 1347 1578 1805 1546 1881 1426 1571 1595 1736 1439 1808 1802 1599 1568 1595 1691 1418 1829 1533 1192 1587 1701 1473 1396 1551 1504 1678 1526 1650 1570 1798 1543 1496 1568 1664 1613 1639 1400 1401 1706 1393 1700 1387 1631 1193 1622 1671 1543 1712 1540 1667 1384 1566 1553 1471 1563 1682 
1490 1252 1154 1292 1470 1206 1112 1000 1295 1484 1247 1489 1166 1292 1360 1473 1182 1592 1460 1385 1286 1335 1466 1101 1446 1175 1067 1355 1221 1133 949 1416 1261 1368 1291 1330 1222 1411 1451 1149 1338 1433 1234 1290 1127 1243 1319 989 1302 1147 1322 997 1323 1395 1252 1374 1217 1256 1202 1285 1269 1268 1321 1285 
1522 1380 1307 1307 1584 1308 1260 1276 1415 1554 1375 1526 1445 1345 1408 1626 1283 1671 1611 1529 1441 1518 1420 1190 1570 1202 1172 1431 1392 1245 1318 1303 1557 1423 1461 1436 1321 1648 1423 1203 1394 1458 1354 1485 1279 1270 1442 1330 1335 1407 1403 1104 1391 1494 1366 1575 1519 1574 1345 1486 1313 1244 1539 1356 
1572 1225 1225 1082 1387 978 1098 1073 1124 1471 1121 1395 1141 1214 1206 1394 1151 1382 1501 1350 1309 1324 1288 1189 1392 1092 889 1190 1298 1075 1096 1331 1316 1210 1220 1163 1253 1455 1280 1183 1159 1238 1154 1220 1198 958 1300 1189 1202 1011 1208 864 1158 1255 1339 1269 1257 1343 1134 1243 1206 1314 1549 1056 
1481 1331 1295 1253 1517 1234 1254 1192 1449 1644 1329 1418 1217 1389 1340 1636 1275 1575 1417 1488 1384 1419 1326 1307 1484 1268 1214 1407 1345 1201 1057 1255 1376 1476 1282 1290 1189 1529 1366 1059 1353 1407 1321 1422 1098 1281 1264 1247 1350 1321 1304 1077 1321 1454 1507 1538 1266 1421 1172 1312 1280 1231 1324 1429 
1181 1043 917 1058 1258 1009 989 956 1092 1211 1109 1057 1051 1049 1173 1249 1046 1231 1188 1129 1155 1068 1063 1053 1307 1104 867 1021 1192 1091 939 1117 1085 1038 1043 1147 1029 1238 1122 901 1055 1109 968 961 913 969 1111 948 1077 1022 1096 736 1097 1137 1079 1199 1100 1199 1058 1100 1062 974 1216 1010 
1369 1339 1082 1053 1402 1061 1113 1061 1161 1421 1143 1413 1143 1286 1393 1336 1092 1283 1347 1223 1344 1251 1338 1078 1335 1287 917 1299 1416 1093 1185 1251 1231 1262 1315 1208 1267 1409 1230 1072 1302 1220 1211 1232 1068 1193 1238 1057 1313 1099 1225 970 1314 1405 1229 1268 1216 1239 1211 1225 1137 1150 1392 1439 
1425 1274 1109 1155 1557 1168 1192 1053 1303 1417 1265 1389 1221 1325 1421 1372 1201 1501 1512 1335 1234 1320 1281 1166 1436 1382 1041 1316 1330 1252 1007 1350 1380 1302 1189 1311 1238 1479 1317 1147 1375 1328 1133 1287 1199 1233 1219 1214 1261 1051 1286 875 1375 1367 1305 1422 1374 1435 1186 1397 1280 1122 1423 1253 
1557 1513 1269 1221 1657 1174 1277 1118 1286 1566 1265 1587 1415 1428 1487 1538 1324 1528 1580 1479 1357 1482 1406 1284 1501 1385 1029 1380 1520 1351 1261 1348 1445 1384 1471 1428 1347 1588 1479 1314 1515 1425 1312 1411 1227 1265 1440 1408 1402 1115 1364 1135 1449 1580 1452 1478 1528 1506 1325 1480 1298 1133 1502 1382 
1299 1225 1064 1057 1204 1081 1033 987 986 1383 1066 1501 1157 1101 1251 1288 1060 1299 1292 1183 1145 1063 1193 1060 1285 1225 898 1201 1363 1115 1055 1339 1027 1158 1174 1157 1132 1405 1251 1140 1054 1222 1163 1186 1004 1027 1314 987 1124 939 1210 883 1022 1235 1228 1231 1099 1125 1042 1326 1123 1080 1210 1246 
1550 1354 1194 1331 1532 1199 1166 1316 1315 1602 1217 1535 1274 1291 1366 1466 1347 1693 1696 1550 1419 1509 1372 1200 1427 1460 1108 1485 1317 1255 1147 1346 1338 1411 1266 1450 1372 1564 1423 1248 1404 1376 1272 1372 1298 1205 1400 1302 1281 1316 1259 1016 1344 1510 1360 1507 1398 1349 1261 1525 1360 1267 1499 1448 
1523 1366 1394 1221 1731 1229 1369 1241 1503 1517 1378 1698 1336 1549 1440 1492 1296 1701 1774 1569 1485 1381 1443 1331 1498 1313 1168 1447 1355 1274 1297 1392 1462 1416 1365 1549 1326 1544 1467 1321 1388 1352 1279 1418 1383 1282 1459 1290 1484 1320 1511 1029 1464 1427 1579 1626 1356 1337 1273 1577 1532 1364 1466 1298 
1390 1225 1039 998 1324 1136 1077 1002 1028 1343 1083 1373 1098 1174 1323 1351 977 1345 1374 1216 1272 1202 1252 1078 1289 1182 927 1139 1256 1134 1078 1200 1103 1160 1199 1146 1123 1349 1137 989 1127 1230 1130 1145 1048 1084 1272 934 1151 1037 1159 858 1128 1338 1194 1297 1200 1034 1047 1221 1148 1053 1352 1227 
1560 1420 1196 1424 1641 1182 1392 1208 1290 1670 1412 1588 1463 1515 1517 1506 1363 1553 1612 1575 1450 1526 1433 1253 1562 1378 1161 1335 1443 1264 1360 1374 1459 1426 1516 1454 1275 1627 1579 1264 1434 1503 1282 1373 1297 1181 1442 1314 1449 1277 1389 1175 1474 1577 1463 1563 1418 1532 1338 1546 1324 1197 1523 1355 
1550 1222 1232 1326 1579 1268 1161 1117 1271 1475 1058 1486 1324 1370 1389 1574 1125 1417 1547 1488 1473 1358 1320 1240 1488 1378 999 1448 1306 1238 1054 1429 1312 1380 1416 1278 1330 1507 1400 1092 1404 1539 1303 1304 1245 1177 1412 1197 1357 1251 1381 1118 1509 1360 1427 1494 1245 1274 1280 1323 1175 1188 1434 1342 
1526 1173 1102 1125 1373 1143 1092 1058 1193 1254 1137 1415 1231 1191 1329 1505 1166 1541 1215 1250 1232 1338 1292 1183 1385 1221 982 1201 1117 1081 951 1329 1126 1253 1200 1231 1254 1255 1377 1106 1280 1323 1216 1337 1154 1152 1293 1018 1232 1004 1263 996 1266 1340 1242 1250 1108 1255 1205 1257 1097 1215 1291 1177 
1400 1439 1307 1250 1551 1242 1186 1089 1290 1548 1275 1471 1303 1321 1297 1575 1186 1462 1483 1425 1410 1297 1362 1227 1518 1391 1201 1368 1323 1261 1137 1322 1298 1287 1253 1241 1359 1576 1351 1052 1392 1361 1292 1323 1177 1198 1503 1326 1360 1333 1358 1071 1438 1263 1449 1502 1230 1285 1268 1304 1350 1160 1422 1509 
1455 1229 1245 1300 1410 1139 1238 1106 1216 1473 1244 1545 1164 1246 1238 1357 1270 1470 1550 1319 1291 1336 1277 1136 1469 1087 959 1322 1389 1154 1154 1316 1437 1368 1259 1383 1342 1428 1234 1092 1361 1327 1206 1321 1220 1072 1395 1245 1368 1244 1279 1035 1405 1439 1246 1440 1363 1358 1220 1295 1223 1178 1416 1286 
1600 1364 1273 1266 1468 1149 1303 1125 1200 1589 1379 1603 1272 1344 1425 1500 1357 1546 1591 1347 1367 1377 1395 1194 1575 1311 995 1139 1512 1267 1358 1590 1401 1346 1395 1369 1393 1542 1354 1134 1346 1336 1256 1253 1234 1329 1520 1234 1362 1065 1379 993 1371 1479 1380 1495 1342 1409 1397 1490 1251 1357 1497 1378 
1635 1385 1330 1291 1694 1208 1331 1122 1287 1479 1387 1627 1331 1365 1422 1583 1190 1616 1513 1442 1524 1418 1537 1357 1604 1277 1197 1401 1346 1196 1181 1444 1380 1496 1314 1484 1402 1391 1529 1239 1421 1429 1382 1364 1357 1186 1421 1306 1350 1231 1474 1099 1482 1437 1439 1539 1325 1461 1294 1315 1401 1314 1505 1329 
1532 1337 1220 1315 1593 1085 1205 1105 1226 1621 1188 1560 1218 1408 1395 1497 1277 1635 1435 1330 1396 1417 1374 1250 1489 1196 955 1333 1456 1189 1136 1400 1371 1438 1353 1381 1312 1555 1458 1229 1421 1305 1357 1337 1190 1188 1412 1222 1304 1005 1252 1011 1343 1444 1345 1441 1411 1300 1172 1407 1240 1251 1444 1386 
1668 1522 1400 1458 1764 1333 1496 1293 1603 1665 1547 1854 1439 1610 1629 1628 1501 1783 1755 1736 1474 1445 1529 1440 1799 1523 1243 1553 1655 1404 1226 1660 1549 1713 1605 1585 1389 1657 1716 1457 1471 1586 1420 1457 1346 1476 1598 1341 1576 1331 1536 1191 1631 1661 1572 1674 1530 1480 1526 1608 1534 1446 1636 1594 
1493 1378 1234 1246 1593 1252 1320 1217 1375 1507 1301 1696 1390 1418 1500 1536 1237 1627 1632 1454 1375 1419 1406 1256 1501 1309 1153 1388 1394 1266 1184 1400 1350 1417 1446 1558 1309 1598 1486 1397 1357 1390 1267 1332 1313 1251 1328 1251 1314 1233 1490 1081 1304 1554 1420 1468 1366 1363 1255 1569 1292 1209 1524 1327 
1756 1570 1378 1353 1730 1328 1479 1303 1562 1744 1447 1676 1399 1559 1520 1882 1481 1740 1682 1638 1625 1518 1580 1481 1678 1504 1329 1556 1705 1406 1389 1571 1526 1500 1594 1598 1553 1794 1604 1358 1546 1511 1461 1446 1361 1430 1585 1486 1552 1415 1596 1186 1538 1587 1606 1538 1527 1671 1435 1504 1500 1373 1739 1632 
1390 1326 1266 1174 1470 1098 1286 1224 1226 1437 1236 1574 1215 1280 1331 1430 1169 1525 1426 1300 1260 1249 1391 1222 1496 1286 1113 1327 1374 1179 1166 1347 1217 1383 1296 1399 1350 1346 1292 1159 1236 1320 1375 1308 1222 1312 1359 1217 1248 1157 1285 1055 1446 1476 1337 1440 1382 1290 1351 1368 1232 1239 1406 1492 
1183 1096 1028 948 1299 821 1023 810 1014 1119 1145 1229 950 1023 1123 1124 1000 1053 1209 1097 1127 1060 1152 950 1177 1067 812 1189 1211 967 946 1147 1114 1222 1034 971 1052 1144 1119 1001 1198 1198 1047 1108 975 1062 1105 1117 1166 962 1099 879 1232 1216 1046 1155 1146 1222 1019 1057 1020 1043 1183 1127 
1545 1275 1127 1236 1598 1277 1180 1106 1350 1523 1308 1465 1373 1377 1454 1544 1118 1654 1544 1420 1377 1316 1369 1219 1415 1237 1069 1460 1356 1188 1150 1393 1379 1287 1270 1402 1292 1506 1290 1157 1342 1361 1358 1313 1296 1270 1315 1126 1317 1185 1466 943 1313 1396 1460 1534 1420 1284 1211 1412 1301 1238 1443 1184 
1558 1339 1238 1217 1575 1236 1318 1112 1219 1555 1340 1528 1370 1309 1368 1482 1251 1402 1500 1519 1406 1468 1399 1295 1446 1379 1139 1277 1461 1315 1245 1376 1425 1349 1309 1311 1292 1555 1466 1154 1384 1317 1166 1367 1203 1176 1447 1388 1525 1217 1332 1072 1434 1448 1415 1487 1265 1518 1244 1386 1294 1170 1466 1224 
1481 1283 1250 1334 1606 1181 1281 1221 1370 1499 1290 1557 1420 1376 1465 1498 1246 1570 1509 1496 1342 1478 1369 1285 1566 1355 1171 1368 1317 1274 1108 1370 1423 1383 1252 1340 1226 1584 1476 1197 1431 1338 1274 1444 1288 1238 1354 1261 1435 1160 1417 1011 1340 1409 1440 1510 1348 1398 1279 1535 1336 1280 1460 1270 
1611 1492 1340 1334 1733 1351 1443 1391 1445 1725 1382 1784 1483 1566 1663 1657 1456 1661 1834 1713 1645 1646 1592 1345 1669 1580 1170 1593 1620 1431 1390 1464 1542 1578 1652 1510 1570 1739 1540 1353 1578 1579 1429 1474 1394 1356 1492 1497 1487 1476 1620 1131 1608 1758 1448 1689 1518 1589 1369 1620 1361 1329 1743 1631 
1406 1310 1188 1276 1424 1061 1155 1036 1264 1508 1126 1523 1230 1330 1262 1474 1315 1517 1469 1384 1236 1397 1314 1017 1453 1248 1008 1361 1378 1038 1190 1317 1263 1347 1403 1259 1233 1435 1269 1192 1367 1319 1182 1221 1195 1164 1276 1075 1412 1228 1311 984 1265 1308 1391 1300 1250 1263 1234 1346 1233 1157 1347 1445 
1356 1157 1148 1172 1362 1136 1129 1181 1368 1311 1233 1495 1201 1206 1361 1327 1198 1411 1469 1423 1303 1292 1315 1084 1466 1286 1021 1352 1298 1323 1074 1271 1382 1353 1310 1230 1154 1436 1336 1158 1254 1331 1251 1286 1166 1206 1346 1160 1226 1183 1201 964 1285 1455 1305 1505 1324 1389 1236 1266 1191 1232 1393 1253 
1356 1240 1332 1183 1639 1195 1236 1280 1505 1333 1296 1436 1104 1266 1368 1554 1258 1573 1499 1411 1402 1235 1427 1301 1568 1314 1094 1485 1288 1250 1013 1258 1191 1441 1261 1404 1285 1331 1424 1180 1251 1425 1311 1363 1189 1283 1403 1099 1301 1210 1359 961 1375 1282 1307 1401 1333 1225 1263 1298 1384 1282 1400 1433 
1616 1402 1322 1405 1645 1209 1371 1248 1438 1454 1354 1673 1365 1381 1516 1576 1277 1536 1492 1350 1502 1374 1377 1275 1536 1507 1123 1299 1467 1474 1289 1540 1362 1598 1524 1456 1317 1526 1512 1197 1478 1485 1451 1372 1274 1525 1634 1216 1439 1186 1486 1171 1531 1626 1461 1502 1418 1399 1310 1527 1299 1168 1461 1524 
1436 1235 1203 1282 1482 1145 1084 979 1200 1461 1177 1514 1202 1226 1164 1458 1230 1518 1413 1271 1297 1282 1307 1057 1455 1125 853 1315 1331 1047 1143 1436 1190 1356 1192 1361 1215 1379 1287 1095 1275 1349 1173 1181 1154 1124 1299 1104 1310 1088 1279 1035 1268 1240 1306 1418 1216 1234 1152 1292 1232 1230 1255 1297 
1510 1410 1223 1213 1583 1211 1322 1144 1398 1494 1426 1540 1274 1429 1472 1543 1210 1492 1529 1515 1497 1388 1518 1248 1593 1284 1204 1370 1482 1282 1162 1382 1318 1540 1379 1330 1296 1395 1473 1255 1378 1478 1292 1276 1271 1339 1453 1221 1483 1292 1400 1085 1505 1533 1386 1438 1281 1411 1258 1335 1348 1318 1545 1403 
1413 1232 1109 1341 1457 1049 1385 1161 1268 1442 1195 1510 1167 1324 1465 1484 1207 1396 1586 1406 1340 1403 1297 1248 1492 1332 1010 1347 1492 1194 1150 1294 1417 1357 1334 1293 1215 1477 1426 1089 1329 1373 1233 1237 1025 1135 1371 1175 1280 1186 1259 1040 1317 1435 1229 1389 1322 1304 1221 1361 1288 1138 1404 1355 
1394 1119 1047 1101 1401 942 1133 1041 1164 1355 1239 1400 1161 1254 1226 1323 1096 1248 1403 1373 1338 1243 1172 1201 1217 1242 913 1232 1327 1068 1187 1293 1227 1317 1257 1164 1153 1386 1320 1138 1168 1328 1186 1136 1109 1150 1182 1151 1201 1107 1337 928 1218 1408 1159 1303 1251 1361 1148 1202 1123 1096 1390 1220 
(strassen)

