0 32 10 10 0 36 0 0 0 0 5 0 0 0 0 0 0 18 0 0 0 72 36 0 0 72 63 0 0 0 0 45 0 0 18 0 0 0 0 0 0 0 0 0 0 0 63 0 54 0 27 0 0 0 0 0 35 0 81 0 0 0 10 92 
0 7 0 0 4 0 4 0 0 0 16 24 0 9 56 0 0 4 0 40 4 0 0 32 0 7 27 0 0 0 0 0 0 56 9 0 0 32 0 0 0 0 0 32 0 0 8 0 0 1 0 21 63 12 0 9 0 14 18 49 42 0 0 7 
28 0 25 0 0 3 0 1 0 8 0 0 0 5 0 40 0 37 3 0 0 0 56 0 4 0 5 56 0 0 30 87 0 0 0 48 0 0 0 21 45 40 0 5 0 24 25 0 0 29 30 0 12 18 65 15 19 0 0 1 4 12 25 0 
0 34 0 16 4 16 40 29 0 34 86 4 0 7 85 0 8 7 14 52 4 15 0 28 7 81 18 2 10 4 0 5 0 69 37 24 9 28 0 6 8 0 0 44 9 0 27 33 0 18 16 0 18 0 0 27 41 7 3 106 7 0 16 0 
0 22 25 0 16 42 0 0 0 24 0 0 0 0 0 0 0 0 56 8 14 40 20 0 0 0 77 0 0 0 0 36 0 24 10 56 0 0 0 0 45 0 0 0 0 0 0 0 0 20 0 0 12 0 35 4 10 8 0 64 0 0 0 0 
24 56 20 0 0 3 18 1 0 0 14 14 0 0 0 10 0 7 0 0 0 0 16 0 0 0 4 0 0 7 56 18 0 0 15 32 0 0 0 9 36 10 0 17 9 0 0 0 0 37 0 0 0 9 28 0 8 0 0 1 7 0 5 0 
0 28 12 12 14 0 72 0 0 21 12 0 0 0 21 0 0 0 49 49 28 35 0 12 0 0 63 0 0 0 0 0 0 21 36 59 0 12 0 0 0 0 0 12 0 0 3 0 0 0 0 0 105 0 0 0 105 16 0 56 0 0 12 24 
0 0 12 12 0 0 0 0 0 0 83 0 0 0 0 0 15 37 23 0 0 0 15 0 0 0 0 0 0 0 0 0 0 56 0 28 8 0 0 0 0 0 0 0 8 28 0 0 0 0 0 0 28 0 0 82 42 0 0 72 15 0 12 24 
0 14 0 0 8 0 8 0 45 0 15 0 0 18 0 0 35 0 35 49 0 0 89 0 0 14 0 0 31 0 0 45 0 0 90 0 35 0 0 45 0 0 0 0 0 35 0 0 81 0 0 0 94 0 0 18 20 0 0 39 0 86 42 0 
0 28 0 42 16 0 16 0 0 0 0 0 0 36 0 30 0 0 0 0 0 0 0 0 0 40 0 0 0 0 0 42 0 0 36 0 0 30 24 0 0 30 0 0 0 0 0 0 0 0 0 0 0 0 0 36 0 0 0 76 0 18 0 0 
0 0 4 0 0 0 12 0 0 0 66 0 0 0 2 0 18 6 18 0 0 4 24 0 3 2 0 0 0 0 18 0 0 21 5 6 3 0 0 0 18 0 0 0 15 18 0 0 0 0 0 0 0 0 0 45 0 0 4 27 18 0 0 0 
0 7 0 111 8 12 54 35 63 29 21 12 12 0 23 8 55 0 49 0 10 56 58 0 21 18 0 6 4 0 0 18 0 16 48 16 49 45 72 36 0 40 0 48 64 0 86 0 10 0 6 0 105 0 48 0 8 4 0 86 0 39 120 0 
0 0 5 0 0 0 0 0 30 18 0 0 0 8 0 20 0 0 0 54 0 0 4 0 0 18 1 0 0 0 0 28 0 0 0 8 0 0 0 0 9 20 42 0 0 0 0 0 32 4 4 14 0 0 7 0 2 0 0 48 54 0 0 0 
0 28 42 12 86 0 0 56 0 14 28 21 21 0 0 25 0 1 0 0 28 49 33 0 0 0 6 0 0 0 0 35 0 0 9 98 0 0 63 45 54 142 0 0 9 0 49 3 0 24 0 0 168 0 84 0 54 16 0 7 0 0 39 24 
28 6 0 0 0 0 0 0 0 0 24 0 0 0 0 0 0 63 18 0 0 0 36 0 4 0 0 16 0 0 24 18 0 0 15 44 0 0 0 0 0 0 0 0 0 0 0 9 0 54 0 0 0 54 0 42 54 0 0 0 4 12 20 0 
0 0 4 0 16 21 12 32 0 14 6 12 12 2 0 0 19 56 0 0 0 28 0 0 0 2 0 16 0 0 30 18 15 7 9 4 15 0 36 5 18 8 0 3 13 18 73 0 0 0 36 0 36 0 36 3 52 0 4 13 0 0 3 3 
0 0 0 24 48 0 0 0 0 0 21 0 0 0 0 30 3 1 9 0 0 0 3 0 0 0 0 0 0 0 0 42 0 0 25 12 0 0 0 30 21 60 0 0 0 0 0 0 0 0 0 0 0 0 0 24 0 0 0 0 3 24 18 0 
0 0 0 0 0 0 0 0 0 0 56 0 0 24 42 0 0 6 9 30 0 0 0 24 0 0 0 0 0 0 0 9 0 91 30 10 5 24 0 0 0 0 0 24 5 0 6 18 6 27 12 42 63 27 0 36 27 14 0 87 42 0 0 0 
21 62 40 24 0 56 0 0 24 0 0 8 0 0 32 0 0 0 12 0 56 4 38 21 3 0 17 0 0 0 0 48 0 0 55 128 0 0 0 0 93 0 0 0 0 35 3 15 0 32 25 7 97 4 65 21 16 32 6 0 0 24 42 0 
0 4 0 40 0 0 0 0 0 0 0 0 0 0 0 0 0 0 10 0 0 0 0 0 0 0 0 0 0 0 0 0 0 0 0 0 0 0 0 0 35 0 0 0 0 0 0 0 0 0 0 0 0 0 0 32 0 0 0 0 0 40 0 0 
50 21 0 0 0 0 6 35 0 0 28 14 0 0 0 0 0 104 12 0 0 0 54 0 6 0 0 30 35 14 0 0 0 0 5 30 0 0 0 42 0 0 18 4 3 42 0 0 0 49 0 0 42 0 0 78 0 0 0 0 6 18 30 0 
48 42 6 0 48 0 36 5 0 34 0 0 42 0 0 54 20 12 0 3 0 0 0 0 0 36 0 0 0 12 0 0 25 0 45 36 0 0 0 0 0 5 54 29 18 0 35 0 0 0 40 0 0 0 0 0 14 0 1 0 0 0 54 5 
0 0 0 0 0 32 0 0 0 4 0 0 0 0 42 5 0 16 0 28 0 64 60 0 0 0 56 0 12 0 0 52 0 10 16 5 0 0 0 6 0 25 0 0 40 12 66 21 80 0 38 0 6 0 15 4 0 0 72 0 0 32 45 64 
63 21 0 0 24 35 0 35 72 0 34 14 0 0 0 3 0 0 18 63 0 0 63 63 0 0 0 0 62 14 0 30 0 6 0 9 0 0 0 15 0 30 0 0 24 0 15 0 72 49 45 0 0 0 36 0 0 0 0 0 0 72 36 0 
0 0 0 0 0 16 8 46 8 28 0 0 0 3 12 3 8 0 0 27 4 0 0 0 0 42 0 24 0 0 18 0 0 6 0 4 0 0 0 0 0 15 0 0 24 0 21 0 0 0 26 2 0 0 33 0 63 0 7 7 0 0 27 0 
96 0 0 48 0 26 58 40 110 59 44 0 0 0 15 0 10 17 0 102 5 0 0 0 0 24 0 6 0 0 0 0 18 42 61 17 6 0 0 48 0 0 56 78 6 0 42 15 40 42 16 10 0 0 78 18 0 0 0 153 72 0 48 0 
0 28 0 0 20 0 16 16 0 4 0 6 6 36 0 0 0 0 0 0 0 14 0 0 0 28 0 0 0 0 0 0 0 0 36 0 0 0 18 0 0 0 0 0 0 0 14 0 0 0 0 0 18 0 12 36 0 0 0 30 0 0 0 0 
0 0 21 0 0 0 0 0 0 0 0 0 0 0 0 12 0 4 0 0 4 0 0 0 0 0 0 0 0 0 3 0 0 27 0 0 0 0 0 0 0 0 0 0 27 9 0 0 0 1 0 0 0 0 0 0 0 0 0 0 0 0 0 7 
120 5 8 0 16 68 88 8 0 56 14 0 0 0 78 0 30 138 15 0 8 72 108 12 8 4 63 32 0 0 56 54 0 0 58 50 0 0 0 10 36 10 0 32 48 36 77 37 54 27 61 0 0 27 0 21 27 0 89 0 8 28 48 72 
0 0 0 72 2 4 72 8 0 2 0 3 3 12 0 0 0 2 0 0 0 15 4 0 0 30 7 9 0 0 12 5 0 0 2 0 0 0 9 27 0 0 0 72 0 0 77 0 9 42 9 21 45 0 6 0 0 0 9 13 0 0 72 8 
88 71 0 0 0 21 0 4 10 12 30 16 0 0 0 0 0 50 0 0 0 0 9 0 0 83 0 0 0 8 106 16 27 0 54 42 0 0 0 81 0 72 0 65 9 0 0 0 0 136 2 0 123 36 72 0 0 0 48 18 8 0 20 0 
0 0 2 0 0 0 6 0 0 0 0 0 0 0 48 0 32 56 12 0 0 0 0 24 0 1 0 0 0 0 9 0 0 0 0 0 8 0 0 0 9 0 0 0 6 9 36 44 0 0 16 0 0 0 0 0 28 0 2 0 0 8 4 0 
56 0 0 0 0 49 0 0 35 0 0 0 0 0 14 0 0 0 0 0 0 28 42 0 21 0 0 0 3 0 0 42 0 0 35 0 0 0 0 0 0 0 0 0 0 0 0 0 0 0 7 0 0 0 0 0 0 0 0 6 0 0 0 0 
56 63 14 46 8 7 32 32 0 8 19 12 12 0 42 0 0 72 0 30 49 28 72 24 8 0 0 36 0 0 0 6 0 0 7 72 0 24 36 12 0 0 0 56 0 0 62 0 0 0 0 0 78 0 24 7 49 28 0 4 8 24 86 28 
66 0 0 0 0 9 0 3 15 6 0 0 0 49 0 0 7 63 18 0 0 35 54 6 55 24 0 24 3 0 0 62 0 0 0 12 0 0 0 27 56 0 0 15 0 0 49 5 0 73 3 0 0 72 0 35 45 49 24 72 55 20 46 0 
40 29 7 7 0 0 0 35 25 0 28 14 0 0 0 14 5 40 0 0 0 0 0 0 0 20 0 0 35 14 1 14 0 9 0 0 10 5 4 0 0 10 0 0 9 3 10 0 0 49 5 0 0 0 0 0 35 0 0 8 0 3 0 0 
0 0 0 64 0 0 0 0 0 0 0 0 0 0 14 0 0 0 16 0 0 28 42 0 21 10 0 0 0 0 4 0 0 0 35 0 0 0 0 0 56 0 0 0 0 0 0 0 0 14 0 0 12 0 0 48 0 0 0 4 0 64 0 0 
0 49 7 0 96 0 24 0 0 42 64 32 49 0 0 63 46 6 18 9 0 0 18 0 0 35 36 0 0 14 0 0 35 0 21 61 0 0 0 25 0 32 63 7 0 0 49 0 0 0 56 28 27 16 0 36 28 0 24 0 18 0 78 7 
0 28 12 0 88 28 52 68 81 16 41 24 24 36 0 0 63 12 63 0 0 88 16 0 0 34 28 0 0 0 54 36 0 0 44 14 63 0 72 71 54 35 0 20 36 54 84 0 24 0 12 0 153 36 48 36 0 0 48 40 0 0 41 32 
0 0 0 0 0 0 0 0 0 0 0 0 0 0 0 0 0 36 8 0 4 0 0 0 0 0 0 0 0 0 0 0 0 0 0 12 0 0 0 0 0 0 0 0 0 28 0 0 0 1 0 0 28 0 0 28 0 0 0 0 0 0 0 7 
64 52 0 0 18 69 16 55 40 2 44 19 3 36 42 0 41 29 0 75 0 63 28 24 0 28 49 20 40 16 0 63 0 0 50 0 2 24 9 63 0 0 0 59 0 10 64 0 42 56 29 0 9 63 36 36 7 0 63 36 0 0 35 56 
0 1 0 0 10 16 8 4 0 43 2 0 0 8 16 0 8 4 35 5 4 33 12 0 6 0 45 64 8 0 52 0 0 15 15 6 0 0 0 0 0 0 0 0 0 0 40 0 0 0 56 0 0 0 48 0 0 0 0 56 0 0 0 0 
56 0 6 6 0 0 0 0 35 0 3 0 0 3 14 0 0 0 24 0 0 28 48 0 21 0 0 24 0 0 18 24 0 0 35 0 0 0 0 0 0 48 0 0 6 0 15 0 0 72 25 0 54 72 18 56 93 0 0 0 0 0 6 12 
14 0 0 0 0 0 0 0 16 4 0 0 0 0 0 0 0 0 4 0 0 0 0 14 0 16 0 0 0 0 0 0 0 0 0 0 0 0 0 0 0 0 0 0 0 0 2 0 0 0 10 0 0 0 6 0 0 0 16 0 0 0 0 0 
0 40 0 0 8 20 10 5 0 35 59 10 0 0 15 5 19 8 9 0 5 0 9 0 0 0 0 0 0 5 40 7 0 0 25 2 0 0 0 5 0 10 0 0 0 0 0 15 0 15 10 0 0 0 0 18 0 0 0 0 14 0 3 0 
0 0 4 9 0 0 12 0 0 22 0 0 0 0 0 0 0 0 0 0 0 0 55 0 0 113 0 0 12 72 54 147 0 0 36 0 0 0 0 69 18 56 0 0 19 48 0 0 30 0 0 0 78 0 0 10 24 0 52 30 0 36 0 0 
0 0 0 0 0 0 0 0 0 0 4 0 0 0 32 0 0 0 0 10 0 36 54 8 27 0 0 0 0 0 0 0 0 0 45 0 0 8 0 0 0 0 0 8 0 0 2 0 0 0 0 0 0 0 0 0 0 0 0 0 0 0 0 0 
56 0 22 6 10 45 48 38 35 21 27 0 0 12 8 0 0 8 35 23 0 29 6 0 3 68 45 0 0 0 72 50 0 57 46 12 6 0 0 72 72 0 0 40 54 102 0 3 3 0 15 21 42 72 0 18 75 0 46 102 0 0 82 12 
0 9 25 0 8 32 16 100 0 64 20 18 12 32 66 45 16 30 0 27 36 28 20 0 0 89 5 0 15 6 14 63 0 0 10 40 0 0 36 0 45 45 0 0 0 0 28 27 8 97 46 56 78 0 59 0 91 0 9 18 0 0 0 49 
108 2 0 72 72 27 72 0 20 0 38 0 0 4 0 30 0 53 0 0 0 0 36 0 4 0 0 65 0 0 24 60 18 0 61 26 0 0 0 158 0 75 24 102 0 0 83 15 0 42 28 0 0 0 72 49 0 0 0 0 4 12 119 0 
0 0 0 0 0 28 0 63 72 0 0 0 0 0 0 0 0 14 0 54 0 56 28 0 0 0 49 0 0 0 0 35 0 0 14 9 0 0 0 0 0 0 0 0 0 0 49 0 42 0 21 18 0 0 54 0 0 0 63 63 0 0 0 56 
0 0 0 0 0 0 0 35 0 0 0 0 0 41 0 0 0 24 6 21 0 25 0 0 35 42 0 48 0 0 36 25 0 0 35 9 0 0 0 0 40 0 0 0 0 21 60 0 0 20 36 0 21 0 36 21 63 35 7 45 35 0 0 0 
0 51 0 0 28 0 28 43 95 0 25 0 0 63 4 0 49 8 49 33 0 8 12 0 6 67 0 0 0 0 8 0 0 0 93 16 49 0 0 0 0 0 0 0 0 0 0 0 0 0 0 8 63 0 24 63 27 0 3 77 0 0 0 0 
35 2 0 7 0 20 0 0 0 0 36 16 0 0 0 0 0 65 0 0 0 40 65 0 5 2 53 20 0 0 8 25 0 42 20 34 6 5 4 0 0 0 0 0 6 0 35 6 30 0 15 14 0 8 0 18 0 0 57 62 5 18 25 40 
0 7 0 0 4 0 4 0 0 0 0 0 0 9 0 0 49 42 21 0 0 0 0 42 0 7 0 0 0 0 0 0 0 0 9 0 0 0 0 0 0 0 0 0 0 0 49 35 0 0 0 0 0 0 0 9 0 0 0 7 0 14 7 0 
0 0 0 0 0 38 82 60 56 51 0 64 0 0 27 0 73 60 48 69 5 24 40 54 18 79 72 0 5 0 6 45 0 0 42 34 0 0 0 54 0 32 0 30 4 10 63 45 0 84 10 70 149 149 42 49 126 0 112 71 0 18 51 0 
0 26 0 0 0 0 0 28 32 0 12 0 0 0 0 0 0 24 0 24 0 0 0 0 0 45 0 0 0 0 24 0 0 0 0 40 0 0 0 0 0 0 0 0 0 0 0 0 0 0 0 8 0 0 24 0 0 0 0 28 0 0 0 0 
16 16 21 0 16 2 0 0 9 22 43 0 0 0 0 12 47 104 47 0 0 0 12 0 0 40 0 0 0 0 3 12 36 27 30 28 15 0 0 20 0 16 0 16 27 65 50 0 0 50 48 0 65 36 16 116 70 0 40 0 12 0 6 6 
32 0 0 0 0 46 0 0 0 0 0 0 0 0 0 15 0 8 0 0 0 0 0 0 0 0 0 0 0 0 0 57 12 24 24 0 0 0 0 20 0 15 0 20 0 0 0 0 0 28 0 0 27 0 32 0 0 6 0 18 18 0 0 0 
7 0 2 2 0 36 0 10 0 0 1 24 0 0 0 0 19 57 0 24 24 0 70 0 1 12 27 12 12 0 0 78 0 0 36 2 6 0 0 54 8 8 0 0 1 8 16 0 30 6 0 21 9 12 12 0 70 0 20 30 1 39 7 46 
0 11 29 42 64 16 0 0 0 4 22 0 7 0 0 25 32 16 0 36 0 0 0 0 0 27 0 16 0 2 24 0 0 36 0 44 0 30 24 35 0 35 9 0 36 20 0 0 0 14 0 0 12 0 24 0 0 0 0 52 0 18 30 0 
56 91 9 0 88 21 58 7 0 36 0 40 63 36 0 81 0 21 0 0 0 0 0 0 0 73 45 0 0 18 0 28 0 0 101 54 0 0 0 63 0 0 81 63 21 25 0 0 0 0 0 35 35 83 0 36 0 0 30 35 0 0 146 0 
0 24 0 0 8 0 24 56 64 0 16 6 0 0 0 0 0 2 0 57 0 0 0 0 0 0 0 0 0 3 24 0 0 0 10 19 0 0 0 5 0 5 0 0 0 0 0 6 0 9 0 16 27 0 48 0 21 0 0 56 3 0 3 0 
0 9 0 49 0 0 0 15 0 0 57 6 0 0 0 0 15 5 15 42 0 0 57 0 0 54 0 0 33 6 16 0 0 0 0 0 0 35 28 0 0 0 0 0 0 0 0 0 48 77 0 0 48 0 0 30 0 0 0 72 15 69 0 0 
(naive)

0 32 10 10 0 36 0 0 0 0 5 0 0 0 0 0 0 18 0 0 0 72 36 0 0 72 63 0 0 0 0 45 0 0 18 0 0 0 0 0 0 0 0 0 0 0 63 0 54 0 27 0 0 0 0 0 35 0 81 0 0 0 10 92 
0 7 0 0 4 0 4 0 0 0 16 24 0 9 56 0 0 4 0 40 4 0 0 32 0 7 27 0 0 0 0 0 0 56 9 0 0 32 0 0 0 0 0 32 0 0 8 0 0 1 0 21 63 12 0 9 0 14 18 49 42 0 0 7 
28 0 25 0 0 3 0 1 0 8 0 0 0 5 0 40 0 37 3 0 0 0 56 0 4 0 5 56 0 0 30 87 0 0 0 48 0 0 0 21 45 40 0 5 0 24 25 0 0 29 30 0 12 18 65 15 19 0 0 1 4 12 25 0 
0 34 0 16 4 16 40 29 0 34 86 4 0 7 85 0 8 7 14 52 4 15 0 28 7 81 18 2 10 4 0 5 0 69 37 24 9 28 0 6 8 0 0 44 9 0 27 33 0 18 16 0 18 0 0 27 41 7 3 106 7 0 16 0 
0 22 25 0 16 42 0 0 0 24 0 0 0 0 0 0 0 0 56 8 14 40 20 0 0 0 77 0 0 0 0 36 0 24 10 56 0 0 0 0 45 0 0 0 0 0 0 0 0 20 0 0 12 0 35 4 10 8 0 64 0 0 0 0 
24 56 20 0 0 3 18 1 0 0 14 14 0 0 0 10 0 7 0 0 0 0 16 0 0 0 4 0 0 7 56 18 0 0 15 32 0 0 0 9 36 10 0 17 9 0 0 0 0 37 0 0 0 9 28 0 8 0 0 1 7 0 5 0 
0 28 12 12 14 0 72 0 0 21 12 0 0 0 21 0 0 0 49 49 28 35 0 12 0 0 63 0 0 0 0 0 0 21 36 59 0 12 0 0 0 0 0 12 0 0 3 0 0 0 0 0 105 0 0 0 105 16 0 56 0 0 12 24 
0 0 12 12 0 0 0 0 0 0 83 0 0 0 0 0 15 37 23 0 0 0 15 0 0 0 0 0 0 0 0 0 0 56 0 28 8 0 0 0 0 0 0 0 8 28 0 0 0 0 0 0 28 0 0 82 42 0 0 72 15 0 12 24 
0 14 0 0 8 0 8 0 45 0 15 0 0 18 0 0 35 0 35 49 0 0 89 0 0 14 0 0 31 0 0 45 0 0 90 0 35 0 0 45 0 0 0 0 0 35 0 0 81 0 0 0 94 0 0 18 20 0 0 39 0 86 42 0 
0 28 0 42 16 0 16 0 0 0 0 0 0 36 0 30 0 0 0 0 0 0 0 0 0 40 0 0 0 0 0 42 0 0 36 0 0 30 24 0 0 30 0 0 0 0 0 0 0 0 0 0 0 0 0 36 0 0 0 76 0 18 0 0 
0 0 4 0 0 0 12 0 0 0 66 0 0 0 2 0 18 6 18 0 0 4 24 0 3 2 0 0 0 0 18 0 0 21 5 6 3 0 0 0 18 0 0 0 15 18 0 0 0 0 0 0 0 0 0 45 0 0 4 27 18 0 0 0 
0 7 0 111 8 12 54 35 63 29 21 12 12 0 23 8 55 0 49 0 10 56 58 0 21 18 0 6 4 0 0 18 0 16 48 16 49 45 72 36 0 40 0 48 64 0 86 0 10 0 6 0 105 0 48 0 8 4 0 86 0 39 120 0 
0 0 5 0 0 0 0 0 30 18 0 0 0 8 0 20 0 0 0 54 0 0 4 0 0 18 1 0 0 0 0 28 0 0 0 8 0 0 0 0 9 20 42 0 0 0 0 0 32 4 4 14 0 0 7 0 2 0 0 48 54 0 0 0 
0 28 42 12 86 0 0 56 0 14 28 21 21 0 0 25 0 1 0 0 28 49 33 0 0 0 6 0 0 0 0 35 0 0 9 98 0 0 63 45 54 142 0 0 9 0 49 3 0 24 0 0 168 0 84 0 54 16 0 7 0 0 39 24 
28 6 0 0 0 0 0 0 0 0 24 0 0 0 0 0 0 63 18 0 0 0 36 0 4 0 0 16 0 0 24 18 0 0 15 44 0 0 0 0 0 0 0 0 0 0 0 9 0 54 0 0 0 54 0 42 54 0 0 0 4 12 20 0 
0 0 4 0 16 21 12 32 0 14 6 12 12 2 0 0 19 56 0 0 0 28 0 0 0 2 0 16 0 0 30 18 15 7 9 4 15 0 36 5 18 8 0 3 13 18 73 0 0 0 36 0 36 0 36 3 52 0 4 13 0 0 3 3 
0 0 0 24 48 0 0 0 0 0 21 0 0 0 0 30 3 1 9 0 0 0 3 0 0 0 0 0 0 0 0 42 0 0 25 12 0 0 0 30 21 60 0 0 0 0 0 0 0 0 0 0 0 0 0 24 0 0 0 0 3 24 18 0 
0 0 0 0 0 0 0 0 0 0 56 0 0 24 42 0 0 6 9 30 0 0 0 24 0 0 0 0 0 0 0 9 0 91 30 10 5 24 0 0 0 0 0 24 5 0 6 18 6 27 12 42 63 27 0 36 27 14 0 87 42 0 0 0 
21 62 40 24 0 56 0 0 24 0 0 8 0 0 32 0 0 0 12 0 56 4 38 21 3 0 17 0 0 0 0 48 0 0 55 128 0 0 0 0 93 0 0 0 0 35 3 15 0 32 25 7 97 4 65 21 16 32 6 0 0 24 42 0 
0 4 0 40 0 0 0 0 0 0 0 0 0 0 0 0 0 0 10 0 0 0 0 0 0 0 0 0 0 0 0 0 0 0 0 0 0 0 0 0 35 0 0 0 0 0 0 0 0 0 0 0 0 0 0 32 0 0 0 0 0 40 0 0 
50 21 0 0 0 0 6 35 0 0 28 14 0 0 0 0 0 104 12 0 0 0 54 0 6 0 0 30 35 14 0 0 0 0 5 30 0 0 0 42 0 0 18 4 3 42 0 0 0 49 0 0 42 0 0 78 0 0 0 0 6 18 30 0 
48 42 6 0 48 0 36 5 0 34 0 0 42 0 0 54 20 12 0 3 0 0 0 0 0 36 0 0 0 12 0 0 25 0 45 36 0 0 0 0 0 5 54 29 18 0 35 0 0 0 40 0 0 0 0 0 14 0 1 0 0 0 54 5 
0 0 0 0 0 32 0 0 0 4 0 0 0 0 42 5 0 16 0 28 0 64 60 0 0 0 56 0 12 0 0 52 0 10 16 5 0 0 0 6 0 25 0 0 40 12 66 21 80 0 38 0 6 0 15 4 0 0 72 0 0 32 45 64 
63 21 0 0 24 35 0 35 72 0 34 14 0 0 0 3 0 0 18 63 0 0 63 63 0 0 0 0 62 14 0 30 0 6 0 9 0 0 0 15 0 30 0 0 24 0 15 0 72 49 45 0 0 0 36 0 0 0 0 0 0 72 36 0 
0 0 0 0 0 16 8 46 8 28 0 0 0 3 12 3 8 0 0 27 4 0 0 0 0 42 0 24 0 0 18 0 0 6 0 4 0 0 0 0 0 15 0 0 24 0 21 0 0 0 26 2 0 0 33 0 63 0 7 7 0 0 27 0 
96 0 0 48 0 26 58 40 110 59 44 0 0 0 15 0 10 17 0 102 5 0 0 0 0 24 0 6 0 0 0 0 18 42 61 17 6 0 0 48 0 0 56 78 6 0 42 15 40 42 16 10 0 0 78 18 0 0 0 153 72 0 48 0 
0 28 0 0 20 0 16 16 0 4 0 6 6 36 0 0 0 0 0 0 0 14 0 0 0 28 0 0 0 0 0 0 0 0 36 0 0 0 18 0 0 0 0 0 0 0 14 0 0 0 0 0 18 0 12 36 0 0 0 30 0 0 0 0 
0 0 21 0 0 0 0 0 0 0 0 0 0 0 0 12 0 4 0 0 4 0 0 0 0 0 0 0 0 0 3 0 0 27 0 0 0 0 0 0 0 0 0 0 27 9 0 0 0 1 0 0 0 0 0 0 0 0 0 0 0 0 0 7 
120 5 8 0 16 68 88 8 0 56 14 0 0 0 78 0 30 138 15 0 8 72 108 12 8 4 63 32 0 0 56 54 0 0 58 50 0 0 0 10 36 10 0 32 48 36 77 37 54 27 61 0 0 27 0 21 27 0 89 0 8 28 48 72 
0 0 0 72 2 4 72 8 0 2 0 3 3 12 0 0 0 2 0 0 0 15 4 0 0 30 7 9 0 0 12 5 0 0 2 0 0 0 9 27 0 0 0 72 0 0 77 0 9 42 9 21 45 0 6 0 0 0 9 13 0 0 72 8 
88 71 0 0 0 21 0 4 10 12 30 16 0 0 0 0 0 50 0 0 0 0 9 0 0 83 0 0 0 8 106 16 27 0 54 42 0 0 0 81 0 72 0 65 9 0 0 0 0 136 2 0 123 36 72 0 0 0 48 18 8 0 20 0 
0 0 2 0 0 0 6 0 0 0 0 0 0 0 48 0 32 56 12 0 0 0 0 24 0 1 0 0 0 0 9 0 0 0 0 0 8 0 0 0 9 0 0 0 6 9 36 44 0 0 16 0 0 0 0 0 28 0 2 0 0 8 4 0 
56 0 0 0 0 49 0 0 35 0 0 0 0 0 14 0 0 0 0 0 0 28 42 0 21 0 0 0 3 0 0 42 0 0 35 0 0 0 0 0 0 0 0 0 0 0 0 0 0 0 7 0 0 0 0 0 0 0 0 6 0 0 0 0 
56 63 14 46 8 7 32 32 0 8 19 12 12 0 42 0 0 72 0 30 49 28 72 24 8 0 0 36 0 0 0 6 0 0 7 72 0 24 36 12 0 0 0 56 0 0 62 0 0 0 0 0 78 0 24 7 49 28 0 4 8 24 86 28 
66 0 0 0 0 9 0 3 15 6 0 0 0 49 0 0 7 63 18 0 0 35 54 6 55 24 0 24 3 0 0 62 0 0 0 12 0 0 0 27 56 0 0 15 0 0 49 5 0 73 3 0 0 72 0 35 45 49 24 72 55 20 46 0 
40 29 7 7 0 0 0 35 25 0 28 14 0 0 0 14 5 40 0 0 0 0 0 0 0 20 0 0 35 14 1 14 0 9 0 0 10 5 4 0 0 10 0 0 9 3 10 0 0 49 5 0 0 0 0 0 35 0 0 8 0 3 0 0 
0 0 0 64 0 0 0 0 0 0 0 0 0 0 14 0 0 0 16 0 0 28 42 0 21 10 0 0 0 0 4 0 0 0 35 0 0 0 0 0 56 0 0 0 0 0 0 0 0 14 0 0 12 0 0 48 0 0 0 4 0 64 0 0 
0 49 7 0 96 0 24 0 0 42 64 32 49 0 0 63 46 6 18 9 0 0 18 0 0 35 36 0 0 14 0 0 35 0 21 61 0 0 0 25 0 32 63 7 0 0 49 0 0 0 56 28 27 16 0 36 28 0 24 0 18 0 78 7 
0 28 12 0 88 28 52 68 81 16 41 24 24 36 0 0 63 12 63 0 0 88 16 0 0 34 28 0 0 0 54 36 0 0 44 14 63 0 72 71 54 35 0 20 36 54 84 0 24 0 12 0 153 36 48 36 0 0 48 40 0 0 41 32 
0 0 0 0 0 0 0 0 0 0 0 0 0 0 0 0 0 36 8 0 4 0 0 0 0 0 0 0 0 0 0 0 0 0 0 12 0 0 0 0 0 0 0 0 0 28 0 0 0 1 0 0 28 0 0 28 0 0 0 0 0 0 0 7 
64 52 0 0 18 69 16 55 40 2 44 19 3 36 42 0 41 29 0 75 0 63 28 24 0 28 49 20 40 16 0 63 0 0 50 0 2 24 9 63 0 0 0 59 0 10 64 0 42 56 29 0 9 63 36 36 7 0 63 36 0 0 35 56 
0 1 0 0 10 16 8 4 0 43 2 0 0 8 16 0 8 4 35 5 4 33 12 0 6 0 45 64 8 0 52 0 0 15 15 6 0 0 0 0 0 0 0 0 0 0 40 0 0 0 56 0 0 0 48 0 0 0 0 56 0 0 0 0 
56 0 6 6 0 0 0 0 35 0 3 0 0 3 14 0 0 0 24 0 0 28 48 0 21 0 0 24 0 0 18 24 0 0 35 0 0 0 0 0 0 48 0 0 6 0 15 0 0 72 25 0 54 72 18 56 93 0 0 0 0 0 6 12 
14 0 0 0 0 0 0 0 16 4 0 0 0 0 0 0 0 0 4 0 0 0 0 14 0 16 0 0 0 0 0 0 0 0 0 0 0 0 0 0 0 0 0 0 0 0 2 0 0 0 10 0 0 0 6 0 0 0 16 0 0 0 0 0 
0 40 0 0 8 20 10 5 0 35 59 10 0 0 15 5 19 8 9 0 5 0 9 0 0 0 0 0 0 5 40 7 0 0 25 2 0 0 0 5 0 10 0 0 0 0 0 15 0 15 10 0 0 0 0 18 0 0 0 0 14 0 3 0 
0 0 4 9 0 0 12 0 0 22 0 0 0 0 0 0 0 0 0 0 0 0 55 0 0 113 0 0 12 72 54 147 0 0 36 0 0 0 0 69 18 56 0 0 19 48 0 0 30 0 0 0 78 0 0 10 24 0 52 30 0 36 0 0 
0 0 0 0 0 0 0 0 0 0 4 0 0 0 32 0 0 0 0 10 0 36 54 8 27 0 0 0 0 0 0 0 0 0 45 0 0 8 0 0 0 0 0 8 0 0 2 0 0 0 0 0 0 0 0 0 0 0 0 0 0 0 0 0 
56 0 22 6 10 45 48 38 35 21 27 0 0 12 8 0 0 8 35 23 0 29 6 0 3 68 45 0 0 0 72 50 0 57 46 12 6 0 0 72 72 0 0 40 54 102 0 3 3 0 15 21 42 72 0 18 75 0 46 102 0 0 82 12 
0 9 25 0 8 32 16 100 0 64 20 18 12 32 66 45 16 30 0 27 36 28 20 0 0 89 5 0 15 6 14 63 0 0 10 40 0 0 36 0 45 45 0 0 0 0 28 27 8 97 46 56 78 0 59 0 91 0 9 18 0 0 0 49 
108 2 0 72 72 27 72 0 20 0 38 0 0 4 0 30 0 53 0 0 0 0 36 0 4 0 0 65 0 0 24 60 18 0 61 26 0 0 0 158 0 75 24 102 0 0 83 15 0 42 28 0 0 0 72 49 0 0 0 0 4 12 119 0 
0 0 0 0 0 28 0 63 72 0 0 0 0 0 0 0 0 14 0 54 0 56 28 0 0 0 49 0 0 0 0 35 0 0 14 9 0 0 0 0 0 0 0 0 0 0 49 0 42 0 21 18 0 0 54 0 0 0 63 63 0 0 0 56 
0 0 0 0 0 0 0 35 0 0 0 0 0 41 0 0 0 24 6 21 0 25 0 0 35 42 0 48 0 0 36 25 0 0 35 9 0 0 0 0 40 0 0 0 0 21 60 0 0 20 36 0 21 0 36 21 63 35 7 45 35 0 0 0 
0 51 0 0 28 0 28 43 95 0 25 0 0 63 4 0 49 8 49 33 0 8 12 0 6 67 0 0 0 0 8 0 0 0 93 16 49 0 0 0 0 0 0 0 0 0 0 0 0 0 0 8 63 0 24 63 27 0 3 77 0 0 0 0 
35 2 0 7 0 20 0 0 0 0 36 16 0 0 0 0 0 65 0 0 0 40 65 0 5 2 53 20 0 0 8 25 0 42 20 34 6 5 4 0 0 0 0 0 6 0 35 6 30 0 15 14 0 8 0 18 0 0 57 62 5 18 25 40 
0 7 0 0 4 0 4 0 0 0 0 0 0 9 0 0 49 42 21 0 0 0 0 42 0 7 0 0 0 0 0 0 0 0 9 0 0 0 0 0 0 0 0 0 0 0 49 35 0 0 0 0 0 0 0 9 0 0 0 7 0 14 7 0 
0 0 0 0 0 38 82 60 56 51 0 64 0 0 27 0 73 60 48 69 5 24 40 54 18 79 72 0 5 0 6 45 0 0 42 34 0 0 0 54 0 32 0 30 4 10 63 45 0 84 10 70 149 149 42 49 126 0 112 71 0 18 51 0 
0 26 0 0 0 0 0 28 32 0 12 0 0 0 0 0 0 24 0 24 0 0 0 0 0 45 0 0 0 0 24 0 0 0 0 40 0 0 0 0 0 0 0 0 0 0 0 0 0 0 0 8 0 0 24 0 0 0 0 28 0 0 0 0 
16 16 21 0 16 2 0 0 9 22 43 0 0 0 0 12 47 104 47 0 0 0 12 0 0 40 0 0 0 0 3 12 36 27 30 28 15 0 0 20 0 16 0 16 27 65 50 0 0 50 48 0 65 36 16 116 70 0 40 0 12 0 6 6 
32 0 0 0 0 46 0 0 0 0 0 0 0 0 0 15 0 8 0 0 0 0 0 0 0 0 0 0 0 0 0 57 12 24 24 0 0 0 0 20 0 15 0 20 0 0 0 0 0 28 0 0 27 0 32 0 0 6 0 18 18 0 0 0 
7 0 2 2 0 36 0 10 0 0 1 24 0 0 0 0 19 57 0 24 24 0 70 0 1 12 27 12 12 0 0 78 0 0 36 2 6 0 0 54 8 8 0 0 1 8 16 0 30 6 0 21 9 12 12 0 70 0 20 30 1 39 7 46 
0 11 29 42 64 16 0 0 0 4 22 0 7 0 0 25 32 16 0 36 0 0 0 0 0 27 0 16 0 2 24 0 0 36 0 44 0 30 24 35 0 35 9 0 36 20 0 0 0 14 0 0 12 0 24 0 0 0 0 52 0 18 30 0 
56 91 9 0 88 21 58 7 0 36 0 40 63 36 0 81 0 21 0 0 0 0 0 0 0 73 45 0 0 18 0 28 0 0 101 54 0 0 0 63 0 0 81 63 21 25 0 0 0 0 0 35 35 83 0 36 0 0 30 35 0 0 146 0 
0 24 0 0 8 0 24 56 64 0 16 6 0 0 0 0 0 2 0 57 0 0 0 0 0 0 0 0 0 3 24 0 0 0 10 19 0 0 0 5 0 5 0 0 0 0 0 6 0 9 0 16 27 0 48 0 21 0 0 56 3 0 3 0 
0 9 0 49 0 0 0 15 0 0 57 6 0 0 0 0 15 5 15 42 0 0 57 0 0 54 0 0 33 6 16 0 0 0 0 0 0 35 28 0 0 0 0 0 0 0 0 0 48 77 0 0 48 0 0 30 0 0 0 72 15 69 0 0 
(strassen)

