11 19 14 15 13 11 19 19 17 14 15 16 14 15 11 16 14 15 13 17 21 16 22 14 14 13 15 17 14 18 13 16 13 15 17 14 18 12 19 17 10 13 14 15 15 21 19 18 14 12 16 19 18 12 17 14 18 14 16 16 17 15 13 13 
16 21 15 22 15 11 20 22 22 16 18 21 19 20 13 15 12 18 17 20 20 19 23 16 13 17 20 18 15 20 21 16 20 16 15 18 15 23 23 17 15 19 16 16 21 24 24 21 15 18 18 16 18 15 21 12 20 18 19 19 18 19 20 14 
14 16 14 20 14 11 15 16 18 14 14 14 15 16 14 15 14 15 16 17 22 21 21 12 16 15 17 13 13 16 14 14 14 14 12 14 18 13 20 17 14 9 12 18 16 19 19 18 13 12 17 15 16 10 21 13 16 11 17 15 18 19 18 11 
13 20 19 19 16 11 17 21 20 15 14 17 22 15 17 11 15 14 17 22 19 22 20 14 11 15 20 18 14 22 17 15 15 20 14 18 14 15 23 21 15 11 11 14 17 19 21 18 13 16 16 17 21 16 19 15 18 15 16 16 19 18 17 14 
8 15 12 14 18 9 15 16 16 10 15 18 15 15 12 7 14 9 10 15 16 17 17 13 13 14 16 15 10 17 12 13 14 15 18 17 17 14 19 13 11 11 11 14 14 16 17 16 10 11 12 16 15 11 17 11 16 12 15 15 20 18 17 9 
10 15 13 16 13 13 19 19 20 15 17 20 17 17 11 15 11 15 15 16 20 16 21 14 12 11 16 18 14 20 17 15 14 14 17 16 13 15 21 15 11 15 11 14 17 20 25 21 11 14 15 16 17 16 21 10 21 17 13 17 19 19 17 15 
10 12 12 14 15 13 15 10 11 11 14 12 14 13 13 12 11 13 12 14 16 14 19 12 15 12 16 17 10 16 13 11 13 12 12 15 16 14 16 15 14 9 10 15 13 17 17 13 12 9 14 15 14 11 18 12 15 8 14 12 13 14 15 11 
16 16 18 19 16 15 22 19 20 16 16 20 25 20 14 17 14 19 16 16 19 17 23 22 13 18 21 19 17 21 22 15 16 15 16 17 18 20 24 20 16 17 14 18 18 17 23 18 11 15 21 17 23 18 22 12 24 18 20 14 20 21 17 16 
13 19 10 15 13 9 17 16 18 10 14 15 13 15 12 11 9 13 12 17 17 15 18 16 9 11 13 18 12 16 14 14 12 12 15 15 14 14 18 10 12 13 12 10 17 17 19 14 16 15 15 19 19 13 16 9 15 14 13 18 13 14 15 11 
12 16 16 17 14 13 21 21 20 10 17 18 18 20 15 15 14 16 13 21 20 17 21 18 16 14 21 20 17 18 20 17 16 11 21 19 15 19 25 16 13 13 12 14 20 21 19 19 12 12 17 18 22 18 20 12 24 13 16 15 17 18 18 13 
12 16 15 18 13 11 21 22 19 14 15 18 18 16 14 12 13 10 13 20 22 22 20 15 15 16 20 17 14 19 15 16 16 14 15 15 17 16 22 20 13 11 12 14 19 17 21 18 12 14 18 21 17 17 19 15 21 19 14 19 19 18 19 10 
13 20 17 16 14 11 20 15 17 14 15 17 19 15 11 10 13 15 12 17 19 18 16 14 11 14 19 18 12 20 18 13 10 13 14 19 14 15 20 15 15 15 17 14 17 19 23 16 15 17 16 18 18 17 20 11 17 16 18 16 17 17 16 16 
16 13 13 18 16 15 17 19 19 13 15 18 19 19 14 16 10 14 15 18 19 16 21 21 12 19 19 15 19 18 18 16 17 17 17 14 20 16 19 14 12 15 9 16 19 19 23 21 9 10 17 15 18 13 19 10 19 13 14 16 18 17 18 10 
16 19 12 25 14 12 21 18 17 13 17 14 20 19 14 16 14 14 18 19 21 20 19 18 15 16 20 17 11 22 18 17 19 19 15 15 14 17 23 16 18 14 12 17 18 23 19 17 16 14 22 18 18 17 21 16 22 16 16 12 16 21 16 11 
14 21 16 17 14 11 17 15 22 11 18 19 19 19 13 17 15 13 13 20 19 16 21 17 11 10 16 18 15 17 16 16 15 15 17 17 16 20 20 19 13 18 12 12 19 17 22 17 14 16 19 18 20 19 17 10 20 16 14 14 16 19 18 14 
12 17 18 14 16 13 16 20 18 12 15 18 15 14 14 13 9 16 12 19 16 17 20 15 18 15 18 18 16 21 21 14 18 17 14 16 15 19 19 20 14 16 10 17 19 20 20 14 15 16 19 19 20 13 23 13 18 16 17 12 16 16 18 12 
12 12 13 17 11 12 16 12 17 14 11 13 18 13 10 15 11 12 12 17 19 15 18 14 12 14 17 15 13 18 14 12 13 15 11 11 13 12 17 21 12 11 10 14 12 13 17 13 13 11 16 15 16 14 16 11 18 12 12 9 15 13 12 10 
16 19 12 18 13 9 18 15 17 13 15 16 19 17 9 15 12 9 12 15 20 19 20 14 12 16 17 18 14 20 16 12 14 13 16 17 14 16 19 18 16 12 13 15 19 20 18 16 12 13 17 16 17 18 21 15 19 16 18 15 18 18 18 12 
13 15 13 16 15 15 19 14 15 11 14 15 18 18 16 13 13 12 11 19 19 15 19 15 12 17 19 20 11 19 18 12 17 12 17 20 19 17 21 16 18 14 11 18 18 17 19 17 12 10 15 15 17 15 17 12 14 10 16 14 19 16 19 11 
14 15 16 13 11 12 19 14 21 11 16 17 13 16 10 12 8 14 11 14 17 15 20 12 13 16 16 15 15 21 17 12 14 10 10 15 14 12 18 17 12 12 16 11 14 18 20 16 11 10 13 19 15 14 18 11 17 16 17 14 17 12 15 11 
13 17 17 18 17 8 17 22 17 14 19 16 21 15 18 13 14 16 15 19 18 15 19 15 13 12 18 19 13 21 18 14 16 15 14 18 15 21 22 21 16 15 11 16 18 17 25 17 14 16 19 18 20 14 20 13 20 13 16 14 18 18 17 11 
17 18 20 22 21 20 24 22 24 17 20 24 23 21 17 20 17 19 17 22 28 24 26 21 18 23 24 23 19 24 20 15 22 22 17 23 21 21 23 22 21 20 14 22 22 23 22 25 19 14 22 23 19 18 26 19 24 19 22 18 23 24 22 17 
18 20 11 19 13 15 17 21 21 11 19 18 19 20 14 21 10 13 14 18 20 19 20 17 11 19 16 20 14 21 15 14 17 17 12 14 17 17 20 19 13 16 11 16 19 19 21 17 13 9 21 14 16 16 16 13 19 15 13 14 20 18 18 11 
15 19 16 19 16 12 19 22 18 17 18 21 19 20 15 14 15 15 16 19 19 16 23 18 17 18 23 20 16 20 21 18 17 16 20 17 14 23 24 18 17 17 11 19 19 20 28 20 16 15 22 18 20 19 24 14 26 15 17 17 15 20 19 13 
12 18 11 16 13 12 18 18 18 14 16 20 19 19 11 13 11 13 14 19 21 22 18 20 12 19 18 19 16 21 18 16 16 19 19 17 14 13 21 13 15 15 11 17 16 23 22 17 13 12 14 19 17 15 22 12 23 18 13 20 19 20 15 10 
13 18 16 19 18 15 22 20 20 15 21 21 19 20 18 18 16 19 15 24 24 21 24 17 17 21 22 21 14 23 22 17 20 17 16 21 18 23 29 22 18 16 8 20 22 20 22 20 16 11 21 18 19 16 22 17 23 20 21 18 24 22 21 14 
8 15 15 10 13 11 12 15 13 7 13 16 11 11 11 10 14 14 9 16 17 13 16 12 13 14 13 16 10 14 12 13 13 10 10 14 10 17 15 15 10 11 11 12 15 15 17 15 15 11 11 13 11 12 15 11 13 9 11 11 12 15 12 9 
14 19 17 22 15 14 14 20 21 13 18 20 21 17 16 13 16 15 13 20 20 16 20 18 14 15 15 22 12 22 14 16 22 17 17 17 15 20 23 17 16 19 11 16 20 21 21 16 14 16 19 16 16 16 19 15 23 16 15 19 17 17 20 9 
13 18 17 17 17 12 20 17 16 13 18 19 18 16 13 13 12 16 15 19 17 14 20 14 12 17 20 17 11 22 19 15 18 15 14 21 14 21 20 16 14 17 15 14 20 21 26 19 16 16 16 14 13 14 18 11 14 16 16 16 18 17 18 15 
14 14 14 14 13 9 16 15 11 12 13 15 17 16 13 15 12 9 11 14 16 16 18 16 11 10 14 14 12 13 17 16 12 13 13 12 13 17 16 18 13 13 13 13 15 16 14 14 10 12 20 17 16 15 17 12 17 16 10 14 15 16 15 12 
12 12 12 12 12 10 12 10 14 7 10 12 12 13 13 11 10 9 10 18 13 12 15 16 13 9 15 13 11 13 14 11 13 13 10 14 11 18 14 16 14 14 10 11 14 10 16 13 10 13 15 14 15 11 18 11 13 9 14 8 13 17 14 12 
10 16 13 13 13 12 18 13 18 13 18 19 14 14 9 14 9 14 12 14 20 17 20 13 14 13 18 17 17 16 15 12 16 15 14 17 14 13 19 16 13 16 7 15 15 15 20 16 13 10 16 19 16 12 20 7 15 15 15 17 15 19 15 9 
14 17 15 14 14 9 17 17 18 14 13 13 18 20 13 12 12 11 12 16 16 16 20 15 15 17 17 14 13 20 19 17 16 15 16 14 15 17 20 15 12 16 14 13 14 19 20 21 9 12 18 15 18 14 21 10 19 11 15 11 18 17 17 9 
13 19 17 12 18 17 19 20 19 13 17 26 17 17 17 16 11 14 16 18 19 21 22 16 15 19 17 20 16 22 21 16 18 19 16 17 18 14 18 15 14 17 13 17 18 19 20 17 14 14 17 18 19 16 25 13 20 17 18 17 18 19 17 15 
11 15 12 14 10 12 13 12 16 10 17 17 10 15 13 10 9 13 10 16 18 18 16 12 11 11 13 16 12 18 15 13 16 12 15 16 11 16 17 10 11 9 10 11 15 21 13 14 15 10 9 16 13 13 16 14 18 13 11 15 13 12 15 10 
15 16 13 18 13 12 17 18 21 12 16 19 17 19 13 19 14 13 15 22 22 19 24 20 19 18 21 19 16 17 15 14 21 14 18 16 20 17 21 18 18 12 11 15 17 18 20 16 10 12 19 18 17 13 21 13 23 16 19 17 22 20 20 10 
14 14 12 15 11 11 16 17 16 12 19 17 13 13 10 13 8 12 12 16 19 13 20 19 12 15 20 18 15 15 15 15 16 12 18 19 14 17 18 13 15 16 9 15 16 20 19 18 12 8 16 15 16 11 18 12 18 13 12 15 14 12 15 10 
15 16 13 20 16 13 18 18 17 15 15 16 20 20 14 13 14 16 13 21 19 16 19 21 11 20 19 19 13 21 16 16 20 18 16 18 18 22 22 19 19 16 12 19 21 21 21 17 17 13 20 18 17 13 19 15 22 17 19 18 16 18 19 13 
13 15 15 15 14 10 18 17 16 14 15 16 20 15 13 13 13 14 15 21 21 17 19 16 14 17 23 15 17 20 16 14 13 16 17 19 16 16 22 16 17 11 11 16 15 19 24 19 12 12 16 17 17 14 20 11 21 18 17 16 22 18 16 13 
11 16 11 13 13 10 13 12 11 11 11 16 14 14 7 10 10 13 8 14 14 14 16 9 10 12 12 12 9 15 14 9 12 12 11 10 12 11 15 13 14 11 11 15 12 15 17 10 14 10 15 15 11 11 16 11 13 12 13 13 14 15 14 9 
12 16 14 14 14 10 19 14 14 16 16 17 16 15 12 11 10 13 13 17 19 16 20 14 13 15 17 18 12 18 19 13 16 9 17 20 14 18 22 16 14 15 11 15 19 17 20 14 12 12 18 15 19 13 21 11 17 14 19 15 17 17 20 11 
13 20 15 15 20 13 20 17 15 14 19 17 16 13 14 15 13 14 18 17 18 19 21 17 15 16 18 16 14 19 19 16 16 16 15 17 17 17 19 16 14 19 15 14 21 17 24 17 13 17 18 17 17 15 21 13 18 16 17 15 16 19 18 9 
18 16 13 17 17 16 20 19 21 13 20 21 18 21 14 20 14 13 17 23 21 20 22 16 14 18 20 20 17 21 17 14 20 14 15 20 21 20 24 18 19 17 11 16 25 18 22 22 15 11 19 17 16 13 20 16 20 18 18 19 21 15 18 12 
15 17 12 13 12 15 19 16 13 10 13 15 18 17 12 14 10 10 13 17 20 16 20 15 8 19 19 16 12 19 16 13 14 14 15 14 15 11 17 14 14 9 9 11 16 16 18 14 9 9 14 12 13 15 17 10 15 13 10 13 18 17 14 12 
10 14 15 12 14 5 16 12 13 10 14 15 15 12 12 9 12 7 10 13 15 14 15 13 10 10 15 14 9 16 12 9 8 11 15 14 15 14 17 15 11 8 12 11 15 15 16 10 10 12 15 13 16 15 12 10 17 14 14 12 16 13 14 10 
17 18 17 14 18 17 21 20 24 15 23 22 20 16 14 18 14 14 14 22 22 20 27 18 11 17 23 20 17 20 16 18 15 19 17 17 19 17 22 20 15 17 12 13 22 20 26 24 13 14 17 18 19 15 20 13 22 20 16 17 20 18 20 14 
16 18 18 21 16 15 16 16 21 12 20 21 20 21 17 19 16 18 15 18 24 18 22 19 19 20 19 20 17 24 19 16 18 18 16 19 18 20 22 21 17 17 12 21 21 20 23 17 16 13 20 18 17 16 24 14 25 17 19 16 21 21 20 12 
18 17 15 19 17 15 24 18 24 11 19 24 18 20 21 20 13 15 16 24 20 21 25 21 16 15 21 22 16 19 21 15 17 16 19 22 19 21 21 19 18 15 13 14 23 20 23 21 16 15 18 22 20 20 24 15 22 20 20 19 20 18 23 17 
14 16 16 12 13 11 13 16 14 10 14 17 18 16 14 14 12 12 11 16 17 16 17 14 9 15 15 14 12 17 17 14 12 16 13 13 14 13 17 16 9 13 13 13 13 16 15 13 9 11 15 13 15 14 17 13 18 13 15 10 15 17 15 12 
16 17 14 22 14 11 17 22 23 12 18 19 23 19 15 19 15 14 16 23 20 16 20 20 13 19 20 21 16 19 13 16 21 18 15 19 16 20 25 19 17 16 7 17 20 17 24 20 11 12 20 13 16 13 18 11 22 18 16 19 22 22 17 10 
15 19 13 12 15 16 19 18 18 11 17 16 18 18 12 15 9 14 16 18 17 19 19 15 10 15 15 17 16 24 16 12 15 18 10 15 16 15 19 16 13 16 11 11 20 18 19 14 15 13 17 17 18 15 19 14 18 14 15 15 14 15 13 14 
15 19 16 17 13 9 14 14 18 10 10 19 17 18 15 10 12 11 15 21 17 20 20 17 13 15 17 16 11 17 17 14 17 13 16 17 13 17 19 14 15 11 14 12 14 18 18 14 11 14 12 13 17 13 19 11 19 12 16 14 16 17 19 12 
12 14 7 13 10 10 15 14 16 10 13 15 12 17 8 13 8 12 12 15 15 13 18 9 9 13 16 13 11 12 13 11 14 10 11 13 14 15 15 11 12 10 8 12 14 14 16 16 11 10 12 11 14 10 17 9 15 10 15 9 10 15 14 14 
16 18 16 15 19 18 22 20 19 14 20 20 18 19 14 18 8 17 14 15 18 18 24 15 16 20 18 20 16 24 19 13 19 14 15 19 19 18 21 19 14 17 12 18 23 20 23 18 13 9 20 15 18 13 25 15 18 13 17 15 19 18 21 14 
11 14 6 10 8 7 16 11 14 7 10 11 6 11 9 8 7 7 11 11 13 11 14 10 11 12 10 12 10 11 11 10 8 10 12 9 10 9 15 9 7 7 7 6 12 14 16 12 9 8 13 15 12 14 14 5 12 11 12 11 11 11 10 7 
16 17 10 21 15 14 19 19 19 12 18 18 22 23 15 16 13 12 12 18 18 17 20 20 10 20 16 19 10 21 21 14 19 16 19 12 16 18 21 15 15 19 9 16 18 17 21 17 11 13 18 16 16 18 19 13 25 14 15 16 18 18 20 10 
15 19 16 20 16 14 22 17 20 12 17 19 19 21 18 14 18 18 13 23 23 21 23 18 18 15 23 22 14 20 22 15 14 15 16 20 20 23 26 18 20 13 12 16 22 21 22 19 19 17 19 23 21 20 24 13 20 17 22 19 19 20 20 13 
13 12 11 14 14 11 16 16 16 12 14 11 16 14 10 14 10 10 12 17 15 16 15 9 11 16 14 11 13 17 14 13 13 11 10 10 14 12 18 17 12 12 9 14 19 14 21 17 10 9 16 13 11 11 16 12 17 12 11 11 16 13 14 6 
16 16 12 18 11 12 20 16 20 11 15 16 16 17 8 12 10 13 10 14 17 13 20 17 10 17 18 18 13 15 16 16 11 14 12 15 15 14 19 15 12 14 10 16 17 17 20 17 10 9 16 17 17 11 20 9 18 15 14 14 16 18 13 9 
17 21 17 19 12 12 17 19 19 14 20 15 22 19 17 20 16 15 19 20 22 20 20 19 12 15 20 16 12 22 15 17 20 18 15 21 16 19 23 18 17 17 17 14 17 21 22 20 16 12 21 14 16 16 19 15 19 16 10 15 20 20 17 12 
16 14 12 16 15 13 16 18 17 11 16 17 18 17 13 17 14 14 12 20 18 14 19 19 14 15 19 17 16 16 16 18 18 14 18 15 17 19 18 14 15 15 14 16 17 17 25 20 14 13 18 18 15 15 17 11 21 14 12 16 18 17 19 10 
17 20 14 18 12 14 18 18 24 10 18 19 15 16 10 17 12 16 14 19 21 16 21 17 11 16 17 19 12 17 11 14 16 17 11 15 17 16 19 17 13 18 11 17 22 19 20 17 17 13 20 15 19 12 19 12 18 15 17 12 13 19 15 11 
15 19 14 19 14 15 20 20 20 13 16 19 20 22 15 20 15 14 13 23 20 19 24 21 16 15 21 21 16 20 20 20 18 20 18 16 18 21 21 21 15 20 11 17 20 18 23 22 14 15 19 20 19 14 22 15 23 17 16 18 18 20 20 16 
14 20 9 20 15 11 17 18 18 13 18 19 18 21 14 17 15 17 14 19 21 19 21 17 11 15 18 17 13 18 18 16 16 15 18 18 15 21 22 15 14 15 11 16 19 17 21 17 15 11 17 14 17 18 18 15 24 14 15 17 18 20 22 13 
(naive)

11 19 14 15 13 11 19 19 17 14 15 16 14 15 11 16 14 15 13 17 21 16 22 14 14 13 15 17 14 18 13 16 13 15 17 14 18 12 19 17 10 13 14 15 15 21 19 18 14 12 16 19 18 12 17 14 18 14 16 16 17 15 13 13 
16 21 15 22 15 11 20 22 22 16 18 21 19 20 13 15 12 18 17 20 20 19 23 16 13 17 20 18 15 20 21 16 20 16 15 18 15 23 23 17 15 19 16 16 21 24 24 21 15 18 18 16 18 15 21 12 20 18 19 19 18 19 20 14 
14 16 14 20 14 11 15 16 18 14 14 14 15 16 14 15 14 15 16 17 22 21 21 12 16 15 17 13 13 16 14 14 14 14 12 14 18 13 20 17 14 9 12 18 16 19 19 18 13 12 17 15 16 10 21 13 16 11 17 15 18 19 18 11 
13 20 19 19 16 11 17 21 20 15 14 17 22 15 17 11 15 14 17 22 19 22 20 14 11 15 20 18 14 22 17 15 15 20 14 18 14 15 23 21 15 11 11 14 17 19 21 18 13 16 16 17 21 16 19 15 18 15 16 16 19 18 17 14 
8 15 12 14 18 9 15 16 16 10 15 18 15 15 12 7 14 9 10 15 16 17 17 13 13 14 16 15 10 17 12 13 14 15 18 17 17 14 19 13 11 11 11 14 14 16 17 16 10 11 12 16 15 11 17 11 16 12 15 15 20 18 17 9 
10 15 13 16 13 13 19 19 20 15 17 20 17 17 11 15 11 15 15 16 20 16 21 14 12 11 16 18 14 20 17 15 14 14 17 16 13 15 21 15 11 15 11 14 17 20 25 21 11 14 15 16 17 16 21 10 21 17 13 17 19 19 17 15 
10 12 12 14 15 13 15 10 11 11 14 12 14 13 13 12 11 13 12 14 16 14 19 12 15 12 16 17 10 16 13 11 13 12 12 15 16 14 16 15 14 9 10 15 13 17 17 13 12 9 14 15 14 11 18 12 15 8 14 12 13 14 15 11 
16 16 18 19 16 15 22 19 20 16 16 20 25 20 14 17 14 19 16 16 19 17 23 22 13 18 21 19 17 21 22 15 16 15 16 17 18 20 24 20 16 17 14 18 18 17 23 18 11 15 21 17 23 18 22 12 24 18 20 14 20 21 17 16 
13 19 10 15 13 9 17 16 18 10 14 15 13 15 12 11 9 13 12 17 17 15 18 16 9 11 13 18 12 16 14 14 12 12 15 15 14 14 18 10 12 13 12 10 17 17 19 14 16 15 15 19 19 13 16 9 15 14 13 18 13 14 15 11 
12 16 16 17 14 13 21 21 20 10 17 18 18 20 15 15 14 16 13 21 20 17 21 18 16 14 21 20 17 18 20 17 16 11 21 19 15 19 25 16 13 13 12 14 20 21 19 19 12 12 17 18 22 18 20 12 24 13 16 15 17 18 18 13 
12 16 15 18 13 11 21 22 19 14 15 18 18 16 14 12 13 10 13 20 22 22 20 15 15 16 20 17 14 19 15 16 16 14 15 15 17 16 22 20 13 11 12 14 19 17 21 18 12 14 18 21 17 17 19 15 21 19 14 19 19 18 19 10 
13 20 17 16 14 11 20 15 17 14 15 17 19 15 11 10 13 15 12 17 19 18 16 14 11 14 19 18 12 20 18 13 10 13 14 19 14 15 20 15 15 15 17 14 17 19 23 16 15 17 16 18 18 17 20 11 17 16 18 16 17 17 16 16 
16 13 13 18 16 15 17 19 19 13 15 18 19 19 14 16 10 14 15 18 19 16 21 21 12 19 19 15 19 18 18 16 17 17 17 14 20 16 19 14 12 15 9 16 19 19 23 21 9 10 17 15 18 13 19 10 19 13 14 16 18 17 18 10 
16 19 12 25 14 12 21 18 17 13 17 14 20 19 14 16 14 14 18 19 21 20 19 18 15 16 20 17 11 22 18 17 19 19 15 15 14 17 23 16 18 14 12 17 18 23 19 17 16 14 22 18 18 17 21 16 22 16 16 12 16 21 16 11 
14 21 16 17 14 11 17 15 22 11 18 19 19 19 13 17 15 13 13 20 19 16 21 17 11 10 16 18 15 17 16 16 15 15 17 17 16 20 20 19 13 18 12 12 19 17 22 17 14 16 19 18 20 19 17 10 20 16 14 14 16 19 18 14 
12 17 18 14 16 13 16 20 18 12 15 18 15 14 14 13 9 16 12 19 16 17 20 15 18 15 18 18 16 21 21 14 18 17 14 16 15 19 19 20 14 16 10 17 19 20 20 14 15 16 19 19 20 13 23 13 18 16 17 12 16 16 18 12 
12 12 13 17 11 12 16 12 17 14 11 13 18 13 10 15 11 12 12 17 19 15 18 14 12 14 17 15 13 18 14 12 13 15 11 11 13 12 17 21 12 11 10 14 12 13 17 13 13 11 16 15 16 14 16 11 18 12 12 9 15 13 12 10 
16 19 12 18 13 9 18 15 17 13 15 16 19 17 9 15 12 9 12 15 20 19 20 14 12 16 17 18 14 20 16 12 14 13 16 17 14 16 19 18 16 12 13 15 19 20 18 16 12 13 17 16 17 18 21 15 19 16 18 15 18 18 18 12 
13 15 13 16 15 15 19 14 15 11 14 15 18 18 16 13 13 12 11 19 19 15 19 15 12 17 19 20 11 19 18 12 17 12 17 20 19 17 21 16 18 14 11 18 18 17 19 17 12 10 15 15 17 15 17 12 14 10 16 14 19 16 19 11 
14 15 16 13 11 12 19 14 21 11 16 17 13 16 10 12 8 14 11 14 17 15 20 12 13 16 16 15 15 21 17 12 14 10 10 15 14 12 18 17 12 12 16 11 14 18 20 16 11 10 13 19 15 14 18 11 17 16 17 14 17 12 15 11 
13 17 17 18 17 8 17 22 17 14 19 16 21 15 18 13 14 16 15 19 18 15 19 15 13 12 18 19 13 21 18 14 16 15 14 18 15 21 22 21 16 15 11 16 18 17 25 17 14 16 19 18 20 14 20 13 20 13 16 14 18 18 17 11 
17 18 20 22 21 20 24 22 24 17 20 24 23 21 17 20 17 19 17 22 28 24 26 21 18 23 24 23 19 24 20 15 22 22 17 23 21 21 23 22 21 20 14 22 22 23 22 25 19 14 22 23 19 18 26 19 24 19 22 18 23 24 22 17 
18 20 11 19 13 15 17 21 21 11 19 18 19 20 14 21 10 13 14 18 20 19 20 17 11 19 16 20 14 21 15 14 17 17 12 14 17 17 20 19 13 16 11 16 19 19 21 17 13 9 21 14 16 16 16 13 19 15 13 14 20 18 18 11 
15 19 16 19 16 12 19 22 18 17 18 21 19 20 15 14 15 15 16 19 19 16 23 18 17 18 23 20 16 20 21 18 17 16 20 17 14 23 24 18 17 17 11 19 19 20 28 20 16 15 22 18 20 19 24 14 26 15 17 17 15 20 19 13 
12 18 11 16 13 12 18 18 18 14 16 20 19 19 11 13 11 13 14 19 21 22 18 20 12 19 18 19 16 21 18 16 16 19 19 17 14 13 21 13 15 15 11 17 16 23 22 17 13 12 14 19 17 15 22 12 23 18 13 20 19 20 15 10 
13 18 16 19 18 15 22 20 20 15 21 21 19 20 18 18 16 19 15 24 24 21 24 17 17 21 22 21 14 23 22 17 20 17 16 21 18 23 29 22 18 16 8 20 22 20 22 20 16 11 21 18 19 16 22 17 23 20 21 18 24 22 21 14 
8 15 15 10 13 11 12 15 13 7 13 16 11 11 11 10 14 14 9 16 17 13 16 12 13 14 13 16 10 14 12 13 13 10 10 14 10 17 15 15 10 11 11 12 15 15 17 15 15 11 11 13 11 12 15 11 13 9 11 11 12 15 12 9 
14 19 17 22 15 14 14 20 21 13 18 20 21 17 16 13 16 15 13 20 20 16 20 18 14 15 15 22 12 22 14 16 22 17 17 17 15 20 23 17 16 19 11 16 20 21 21 16 14 16 19 16 16 16 19 15 23 16 15 19 17 17 20 9 
13 18 17 17 17 12 20 17 16 13 18 19 18 16 13 13 12 16 15 19 17 14 20 14 12 17 20 17 11 22 19 15 18 15 14 21 14 21 20 16 14 17 15 14 20 21 26 19 16 16 16 14 13 14 18 11 14 16 16 16 18 17 18 15 
14 14 14 14 13 9 16 15 11 12 13 15 17 16 13 15 12 9 11 14 16 16 18 16 11 10 14 14 12 13 17 16 12 13 13 12 13 17 16 18 13 13 13 13 15 16 14 14 10 12 20 17 16 15 17 12 17 16 10 14 15 16 15 12 
12 12 12 12 12 10 12 10 14 7 10 12 12 13 13 11 10 9 10 18 13 12 15 16 13 9 15 13 11 13 14 11 13 13 10 14 11 18 14 16 14 14 10 11 14 10 16 13 10 13 15 14 15 11 18 11 13 9 14 8 13 17 14 12 
10 16 13 13 13 12 18 13 18 13 18 19 14 14 9 14 9 14 12 14 20 17 20 13 14 13 18 17 17 16 15 12 16 15 14 17 14 13 19 16 13 16 7 15 15 15 20 16 13 10 16 19 16 12 20 7 15 15 15 17 15 19 15 9 
14 17 15 14 14 9 17 17 18 14 13 13 18 20 13 12 12 11 12 16 16 16 20 15 15 17 17 14 13 20 19 17 16 15 16 14 15 17 20 15 12 16 14 13 14 19 20 21 9 12 18 15 18 14 21 10 19 11 15 11 18 17 17 9 
13 19 17 12 18 17 19 20 19 13 17 26 17 17 17 16 11 14 16 18 19 21 22 16 15 19 17 20 16 22 21 16 18 19 16 17 18 14 18 15 14 17 13 17 18 19 20 17 14 14 17 18 19 16 25 13 20 17 18 17 18 19 17 15 
11 15 12 14 10 12 13 12 16 10 17 17 10 15 13 10 9 13 10 16 18 18 16 12 11 11 13 16 12 18 15 13 16 12 15 16 11 16 17 10 11 9 10 11 15 21 13 14 15 10 9 16 13 13 16 14 18 13 11 15 13 12 15 10 
15 16 13 18 13 12 17 18 21 12 16 19 17 19 13 19 14 13 15 22 22 19 24 20 19 18 21 19 16 17 15 14 21 14 18 16 20 17 21 18 18 12 11 15 17 18 20 16 10 12 19 18 17 13 21 13 23 16 19 17 22 20 20 10 
14 14 12 15 11 11 16 17 16 12 19 17 13 13 10 13 8 12 12 16 19 13 20 19 12 15 20 18 15 15 15 15 16 12 18 19 14 17 18 13 15 16 9 15 16 20 19 18 12 8 16 15 16 11 18 12 18 13 12 15 14 12 15 10 
15 16 13 20 16 13 18 18 17 15 15 16 20 20 14 13 14 16 13 21 19 16 19 21 11 20 19 19 13 21 16 16 20 18 16 18 18 22 22 19 19 16 12 19 21 21 21 17 17 13 20 18 17 13 19 15 22 17 19 18 16 18 19 13 
13 15 15 15 14 10 18 17 16 14 15 16 20 15 13 13 13 14 15 21 21 17 19 16 14 17 23 15 17 20 16 14 13 16 17 19 16 16 22 16 17 11 11 16 15 19 24 19 12 12 16 17 17 14 20 11 21 18 17 16 22 18 16 13 
11 16 11 13 13 10 13 12 11 11 11 16 14 14 7 10 10 13 8 14 14 14 16 9 10 12 12 12 9 15 14 9 12 12 11 10 12 11 15 13 14 11 11 15 12 15 17 10 14 10 15 15 11 11 16 11 13 12 13 13 14 15 14 9 
12 16 14 14 14 10 19 14 14 16 16 17 16 15 12 11 10 13 13 17 19 16 20 14 13 15 17 18 12 18 19 13 16 9 17 20 14 18 22 16 14 15 11 15 19 17 20 14 12 12 18 15 19 13 21 11 17 14 19 15 17 17 20 11 
13 20 15 15 20 13 20 17 15 14 19 17 16 13 14 15 13 14 18 17 18 19 21 17 15 16 18 16 14 19 19 16 16 16 15 17 17 17 19 16 14 19 15 14 21 17 24 17 13 17 18 17 17 15 21 13 18 16 17 15 16 19 18 9 
18 16 13 17 17 16 20 19 21 13 20 21 18 21 14 20 14 13 17 23 21 20 22 16 14 18 20 20 17 21 17 14 20 14 15 20 21 20 24 18 19 17 11 16 25 18 22 22 15 11 19 17 16 13 20 16 20 18 18 19 21 15 18 12 
15 17 12 13 12 15 19 16 13 10 13 15 18 17 12 14 10 10 13 17 20 16 20 15 8 19 19 16 12 19 16 13 14 14 15 14 15 11 17 14 14 9 9 11 16 16 18 14 9 9 14 12 13 15 17 10 15 13 10 13 18 17 14 12 
10 14 15 12 14 5 16 12 13 10 14 15 15 12 12 9 12 7 10 13 15 14 15 13 10 10 15 14 9 16 12 9 8 11 15 14 15 14 17 15 11 8 12 11 15 15 16 10 10 12 15 13 16 15 12 10 17 14 14 12 16 13 14 10 
17 18 17 14 18 17 21 20 24 15 23 22 20 16 14 18 14 14 14 22 22 20 27 18 11 17 23 20 17 20 16 18 15 19 17 17 19 17 22 20 15 17 12 13 22 20 26 24 13 14 17 18 19 15 20 13 22 20 16 17 20 18 20 14 
16 18 18 21 16 15 16 16 21 12 20 21 20 21 17 19 16 18 15 18 24 18 22 19 19 20 19 20 17 24 19 16 18 18 16 19 18 20 22 21 17 17 12 21 21 20 23 17 16 13 20 18 17 16 24 14 25 17 19 16 21 21 20 12 
18 17 15 19 17 15 24 18 24 11 19 24 18 20 21 20 13 15 16 24 20 21 25 21 16 15 21 22 16 19 21 15 17 16 19 22 19 21 21 19 18 15 13 14 23 20 23 21 16 15 18 22 20 20 24 15 22 20 20 19 20 18 23 17 
14 16 16 12 13 11 13 16 14 10 14 17 18 16 14 14 12 12 11 16 17 16 17 14 9 15 15 14 12 17 17 14 12 16 13 13 14 13 17 16 9 13 13 13 13 16 15 13 9 11 15 13 15 14 17 13 18 13 15 10 15 17 15 12 
16 17 14 22 14 11 17 22 23 12 18 19 23 19 15 19 15 14 16 23 20 16 20 20 13 19 20 21 16 19 13 16 21 18 15 19 16 20 25 19 17 16 7 17 20 17 24 20 11 12 20 13 16 13 18 11 22 18 16 19 22 22 17 10 
15 19 13 12 15 16 19 18 18 11 17 16 18 18 12 15 9 14 16 18 17 19 19 15 10 15 15 17 16 24 16 12 15 18 10 15 16 15 19 16 13 16 11 11 20 18 19 14 15 13 17 17 18 15 19 14 18 14 15 15 14 15 13 14 
15 19 16 17 13 9 14 14 18 10 10 19 17 18 15 10 12 11 15 21 17 20 20 17 13 15 17 16 11 17 17 14 17 13 16 17 13 17 19 14 15 11 14 12 14 18 18 14 11 14 12 13 17 13 19 11 19 12 16 14 16 17 19 12 
12 14 7 13 10 10 15 14 16 10 13 15 12 17 8 13 8 12 12 15 15 13 18 9 9 13 16 13 11 12 13 11 14 10 11 13 14 15 15 11 12 10 8 12 14 14 16 16 11 10 12 11 14 10 17 9 15 10 15 9 10 15 14 14 
16 18 16 15 19 18 22 20 19 14 20 20 18 19 14 18 8 17 14 15 18 18 24 15 16 20 18 20 16 24 19 13 19 14 15 19 19 18 21 19 14 17 12 18 23 20 23 18 13 9 20 15 18 13 25 15 18 13 17 15 19 18 21 14 
11 14 6 10 8 7 16 11 14 7 10 11 6 11 9 8 7 7 11 11 13 11 14 10 11 12 10 12 10 11 11 10 8 10 12 9 10 9 15 9 7 7 7 6 12 14 16 12 9 8 13 15 12 14 14 5 12 11 12 11 11 11 10 7 
16 17 10 21 15 14 19 19 19 12 18 18 22 23 15 16 13 12 12 18 18 17 20 20 10 20 16 19 10 21 21 14 19 16 19 12 16 18 21 15 15 19 9 16 18 17 21 17 11 13 18 16 16 18 19 13 25 14 15 16 18 18 20 10 
15 19 16 20 16 14 22 17 20 12 17 19 19 21 18 14 18 18 13 23 23 21 23 18 18 15 23 22 14 20 22 15 14 15 16 20 20 23 26 18 20 13 12 16 22 21 22 19 19 17 19 23 21 20 24 13 20 17 22 19 19 20 20 13 
13 12 11 14 14 11 16 16 16 12 14 11 16 14 10 14 10 10 12 17 15 16 15 9 11 16 14 11 13 17 14 13 13 11 10 10 14 12 18 17 12 12 9 14 19 14 21 17 10 9 16 13 11 11 16 12 17 12 11 11 16 13 14 6 
16 16 12 18 11 12 20 16 20 11 15 16 16 17 8 12 10 13 10 14 17 13 20 17 10 17 18 18 13 15 16 16 11 14 12 15 15 14 19 15 12 14 10 16 17 17 20 17 10 9 16 17 17 11 20 9 18 15 14 14 16 18 13 9 
17 21 17 19 12 12 17 19 19 14 20 15 22 19 17 20 16 15 19 20 22 20 20 19 12 15 20 16 12 22 15 17 20 18 15 21 16 19 23 18 17 17 17 14 17 21 22 20 16 12 21 14 16 16 19 15 19 16 10 15 20 20 17 12 
16 14 12 16 15 13 16 18 17 11 16 17 18 17 13 17 14 14 12 20 18 14 19 19 14 15 19 17 16 16 16 18 18 14 18 15 17 19 18 14 15 15 14 16 17 17 25 20 14 13 18 18 15 15 17 11 21 14 12 16 18 17 19 10 
17 20 14 18 12 14 18 18 24 10 18 19 15 16 10 17 12 16 14 19 21 16 21 17 11 16 17 19 12 17 11 14 16 17 11 15 17 16 19 17 13 18 11 17 22 19 20 17 17 13 20 15 19 12 19 12 18 15 17 12 13 19 15 11 
15 19 14 19 14 15 20 20 20 13 16 19 20 22 15 20 15 14 13 23 20 19 24 21 16 15 21 21 16 20 20 20 18 20 18 16 18 21 21 21 15 20 11 17 20 18 23 22 14 15 19 20 19 14 22 15 23 17 16 18 18 20 20 16 
14 20 9 20 15 11 17 18 18 13 18 19 18 21 14 17 15 17 14 19 21 19 21 17 11 15 18 17 13 18 18 16 16 15 18 18 15 21 22 15 14 15 11 16 19 17 21 17 15 11 17 14 17 18 18 15 24 14 15 17 18 20 22 13 
(strassen)

