0 0 6 0 7 0 0 24 84 24 0 0 40 0 12 30 0 0 8 0 18 2 0 2 0 12 32 0 62 15 0 0 0 0 8 0 0 0 0 0 0 42 0 20 0 0 6 0 0 0 0 4 24 0 0 0 2 0 24 0 54 16 12 21 
0 25 15 0 0 15 25 0 72 0 6 0 0 0 0 0 49 0 24 0 0 40 0 3 0 26 66 0 0 0 3 24 0 42 5 0 60 35 10 10 0 0 24 40 0 0 0 0 0 24 21 8 0 0 0 7 24 10 0 5 0 64 24 20 
35 44 20 0 0 0 33 52 84 0 0 39 0 3 0 0 63 0 0 0 24 0 0 0 0 0 32 49 30 0 8 0 49 0 4 40 0 21 6 4 24 21 0 84 0 28 12 0 0 0 48 46 56 45 0 0 1 21 0 7 5 16 12 89 
0 40 27 0 0 0 0 0 3 0 54 30 30 6 0 0 0 0 8 0 0 0 0 8 0 3 0 0 24 36 8 0 0 0 12 0 0 0 0 0 0 42 2 64 36 0 12 63 0 0 48 0 0 0 0 0 0 0 0 0 0 0 27 8 
0 35 32 0 0 0 12 0 48 0 0 40 16 8 64 0 32 0 0 0 64 49 32 0 0 12 0 0 0 36 55 0 4 0 8 0 0 0 4 8 28 56 0 56 0 35 16 0 56 0 42 16 0 0 0 0 0 28 0 88 64 0 0 7 
24 0 116 32 0 0 0 24 0 0 0 48 0 9 12 0 48 0 0 24 0 36 9 0 45 36 0 0 24 0 0 0 24 0 0 15 0 42 8 0 120 0 0 0 18 0 0 0 45 10 32 18 0 15 0 0 9 8 0 0 0 9 6 0 
0 0 15 7 0 0 0 9 0 4 0 0 23 28 0 45 61 0 4 0 0 0 0 0 0 0 0 0 14 15 0 0 5 0 35 0 0 0 0 10 0 37 0 25 0 0 0 35 25 0 0 1 19 0 0 0 0 35 4 0 37 0 0 0 
0 0 27 0 0 0 0 0 0 0 0 35 0 7 0 9 0 0 0 72 0 0 40 0 0 12 81 0 0 0 0 0 0 45 7 0 0 0 0 0 24 49 0 0 54 63 14 0 0 0 0 0 0 0 8 0 0 0 0 0 0 0 36 0 
0 0 3 0 0 19 0 40 0 15 6 54 34 24 0 48 59 8 0 27 0 0 40 3 24 30 30 0 72 3 23 0 65 0 25 0 40 21 16 2 117 0 24 0 0 10 0 16 5 0 21 66 0 0 3 35 0 7 4 25 0 52 20 25 
14 0 50 0 0 25 9 0 30 4 0 0 0 0 40 35 0 36 7 56 40 0 36 0 24 109 32 0 0 18 30 40 56 0 0 35 0 0 3 7 0 7 0 56 114 12 0 0 27 0 0 10 4 35 0 30 64 0 4 57 49 21 0 0 
0 3 25 0 0 0 0 0 0 0 0 0 0 72 0 10 0 20 0 96 0 0 0 6 8 42 14 10 0 16 21 0 40 3 35 25 18 0 0 0 56 48 48 8 30 4 0 0 0 0 64 0 0 72 8 59 0 0 40 47 0 50 0 58 
35 0 21 0 2 0 0 28 0 0 58 0 5 0 0 34 0 0 0 0 0 0 0 8 0 0 0 49 0 33 0 0 49 0 28 0 32 0 0 0 7 24 64 20 28 28 0 52 0 7 56 0 74 0 0 0 0 0 0 11 0 72 21 56 
0 0 18 20 14 0 0 20 0 0 0 45 5 0 0 0 0 0 16 0 0 4 0 4 10 0 0 35 0 0 0 20 0 0 0 0 63 0 0 0 0 0 0 20 0 0 0 0 0 0 0 54 0 0 28 0 4 27 0 0 0 0 0 0 
0 0 35 0 0 0 0 0 54 0 0 0 0 0 0 1 0 0 0 84 0 0 0 0 0 0 57 0 0 0 0 0 56 5 0 35 9 0 0 0 0 0 24 30 48 13 0 0 0 0 0 6 0 51 18 0 0 0 20 0 0 45 34 0 
8 2 3 0 0 15 0 0 0 0 0 0 9 0 0 0 8 0 4 0 0 0 8 4 0 52 16 0 4 3 0 24 1 2 1 0 0 0 0 6 0 0 0 16 36 0 0 0 5 0 0 0 0 10 0 0 36 7 0 8 0 0 0 12 
0 0 6 0 0 0 0 81 72 42 0 47 39 27 87 48 24 35 36 0 0 0 0 0 0 63 64 10 72 48 8 0 64 0 3 0 18 28 0 0 80 21 0 40 0 0 6 16 0 12 0 35 63 0 8 0 0 9 0 18 84 32 30 0 
0 5 0 0 0 27 0 72 0 27 12 54 54 27 0 0 9 3 0 0 0 0 45 6 0 0 0 0 0 6 1 0 0 0 0 0 24 0 0 0 102 18 48 8 0 18 0 0 0 0 72 54 0 0 0 0 0 0 0 0 0 54 36 61 
0 35 0 0 0 0 0 0 27 0 0 0 0 0 0 6 16 0 16 0 0 56 0 0 0 0 78 0 0 0 7 0 0 58 0 0 32 0 0 0 32 0 0 71 36 82 0 0 0 16 42 3 0 0 0 0 0 0 0 0 0 12 33 7 
0 44 7 18 0 20 72 67 0 51 30 30 30 40 0 45 5 3 0 7 54 0 42 0 45 18 6 2 0 6 9 0 24 42 66 0 20 0 54 36 66 81 0 0 16 10 9 0 25 15 24 48 36 0 0 21 18 0 36 15 93 15 55 40 
0 0 69 0 0 62 0 32 18 40 12 24 32 0 16 9 4 0 0 21 0 0 20 0 0 28 97 0 0 40 0 72 0 45 0 0 6 0 9 0 99 1 18 10 62 75 0 14 0 8 1 26 0 12 12 0 72 0 15 12 0 8 76 20 
0 2 24 0 0 0 0 16 42 0 42 15 4 31 56 0 8 3 0 64 56 0 30 0 9 0 0 30 0 37 42 0 1 0 3 0 77 0 0 2 21 111 0 0 32 12 6 49 5 0 24 70 0 0 60 0 0 47 16 63 59 40 45 15 
0 5 3 36 0 27 5 110 0 27 0 135 63 81 0 0 14 9 0 0 0 8 45 0 20 4 0 0 0 18 0 36 16 0 0 0 0 7 2 12 144 60 12 36 0 26 6 0 12 6 72 54 0 0 2 0 0 2 0 18 0 0 36 94 
0 0 62 0 0 40 0 0 0 0 3 20 0 16 0 0 32 0 0 105 24 0 0 0 7 0 0 16 0 24 0 0 0 36 0 0 0 0 0 62 0 27 84 9 0 28 20 12 77 0 0 18 0 28 16 0 0 9 35 63 20 0 40 0 
48 36 40 64 0 0 102 0 18 0 0 20 0 52 44 0 110 4 0 0 54 72 0 0 0 20 16 0 48 57 0 0 0 36 9 48 0 0 54 36 28 24 0 10 0 0 20 12 0 0 96 2 0 54 0 0 9 0 0 0 26 8 6 85 
0 25 45 0 0 6 0 4 0 0 0 0 0 0 0 0 0 0 0 72 0 0 10 0 6 45 20 0 0 0 5 0 72 0 0 45 21 0 0 30 10 18 36 60 99 38 0 0 18 0 30 0 0 45 64 0 15 0 0 54 12 27 28 5 
0 0 43 0 0 0 24 0 0 0 6 20 0 16 45 16 32 25 0 0 0 0 18 0 0 150 36 0 0 76 0 0 0 36 14 0 0 0 8 0 0 12 0 46 85 0 20 19 72 0 0 0 51 0 0 0 27 0 0 32 35 0 3 0 
0 0 0 0 0 0 0 45 0 36 0 0 15 0 8 45 0 0 20 0 0 0 0 0 0 8 0 0 0 10 0 0 0 0 0 0 0 0 0 0 0 63 0 0 0 0 0 0 0 0 0 5 36 0 0 0 0 0 36 0 116 0 0 14 
0 0 0 0 0 21 0 14 9 0 0 48 0 0 9 0 36 5 0 0 0 0 0 0 27 9 8 0 0 0 0 0 0 0 0 0 0 42 6 0 83 0 0 5 0 0 0 0 27 3 0 1 9 0 56 0 0 6 0 0 45 4 3 0 
0 0 0 6 0 0 0 4 35 30 0 9 1 8 10 0 6 0 0 0 0 0 0 0 2 0 0 0 4 0 0 4 0 0 0 0 0 0 0 0 0 0 0 49 15 0 0 10 0 0 0 0 0 0 0 35 0 0 0 0 6 0 0 0 
0 21 74 0 0 0 20 4 8 0 0 0 24 0 72 0 68 40 0 103 3 74 35 2 0 88 0 0 5 18 0 0 46 1 0 25 18 28 8 20 24 0 0 0 30 42 1 0 30 0 0 54 72 30 43 0 0 77 0 4 24 15 24 22 
0 0 0 0 0 0 0 0 72 0 0 10 0 47 0 0 0 5 0 0 0 21 0 0 0 0 64 0 0 10 0 0 0 0 2 0 0 0 0 0 47 44 0 40 0 15 4 0 0 0 40 8 0 0 0 0 0 0 0 0 0 32 24 25 
8 45 27 0 0 9 45 0 56 48 8 0 0 0 16 0 108 18 28 4 64 80 0 0 54 142 63 0 0 0 27 0 4 0 45 0 114 63 74 94 0 28 0 96 24 42 4 0 0 0 0 81 0 0 78 135 0 18 9 45 0 45 36 36 
0 30 58 0 7 0 30 0 18 0 0 15 0 12 0 0 54 0 8 0 0 50 15 2 0 24 16 0 0 18 0 0 0 27 0 0 15 42 12 12 0 0 0 10 0 10 15 9 0 0 35 2 35 0 30 0 2 52 0 0 15 8 26 39 
0 20 0 0 0 25 0 18 30 14 0 0 4 0 48 0 0 0 0 72 40 0 20 0 6 0 0 0 0 16 34 0 0 0 0 0 0 0 45 30 35 104 36 32 0 24 0 0 18 4 29 73 0 0 6 0 0 45 18 105 40 45 2 4 
0 0 7 0 0 26 0 0 0 42 1 0 12 0 24 0 42 12 48 43 8 16 0 0 36 72 30 2 0 48 0 0 8 0 0 0 90 0 91 9 21 29 24 3 0 48 8 0 7 12 3 54 0 16 3 32 0 0 26 18 0 0 11 0 
0 20 12 0 0 0 20 8 49 42 40 25 0 28 14 9 84 0 24 0 0 32 64 0 0 16 81 0 56 30 0 0 0 132 0 0 48 84 8 8 0 0 0 63 75 63 25 15 0 24 0 0 0 0 0 49 0 56 0 0 25 0 36 16 
0 28 0 11 14 45 56 0 0 32 10 25 35 40 0 54 55 0 0 9 42 0 5 0 0 24 8 0 10 65 12 72 0 59 41 0 0 0 42 28 49 56 0 0 0 0 25 61 0 49 0 0 74 0 1 28 79 0 32 48 112 20 8 0 
0 10 31 16 0 0 0 25 0 0 45 56 4 13 16 0 0 0 0 24 0 0 78 0 8 16 0 0 63 20 2 16 24 0 4 15 0 63 0 0 0 28 0 32 18 0 8 0 0 0 26 0 14 15 0 0 0 70 0 0 0 9 0 36 
0 0 9 3 0 0 0 39 0 36 40 0 0 19 0 45 0 0 0 0 0 0 68 0 12 28 8 0 49 0 12 0 0 7 27 0 0 49 0 0 8 63 0 0 0 0 0 0 12 8 0 24 36 0 0 28 12 42 36 20 81 20 12 0 
0 3 0 4 35 0 40 22 0 0 48 16 0 25 0 14 124 0 68 64 0 10 48 25 0 0 72 0 59 0 1 0 8 92 0 64 92 56 0 0 22 72 72 0 48 56 0 22 0 28 63 56 0 87 0 0 10 76 16 12 20 121 32 58 
0 45 48 8 0 0 45 0 0 12 7 0 28 86 0 35 125 30 0 18 56 72 10 0 16 36 0 40 16 33 0 0 7 0 0 0 72 63 18 95 42 71 0 37 0 8 0 40 35 0 48 0 12 0 55 20 0 67 12 0 51 0 0 66 
54 0 75 81 0 3 43 0 0 0 15 0 0 0 27 0 93 6 0 0 0 81 0 0 54 18 15 0 54 36 0 0 0 21 21 40 21 0 26 0 0 0 0 0 0 0 0 0 90 4 72 27 0 45 0 0 0 8 3 24 5 0 12 25 
0 0 50 0 46 25 0 0 0 0 2 45 10 9 0 11 0 0 48 95 0 26 20 13 0 0 63 10 0 10 0 0 24 35 9 15 4 0 0 0 22 63 8 0 60 59 18 6 35 14 7 0 12 15 4 0 12 0 0 8 0 18 53 0 
0 0 2 0 0 0 0 64 27 0 0 0 0 24 0 0 0 0 0 0 0 0 24 0 24 0 24 0 0 0 0 0 0 0 0 0 0 0 0 0 0 0 0 15 0 0 0 0 24 16 0 57 0 0 0 0 24 3 0 0 0 12 25 0 
0 0 0 12 0 15 0 22 0 0 0 27 3 63 0 0 0 7 0 0 0 0 0 0 6 0 0 40 0 14 0 12 0 0 0 0 72 0 0 0 74 42 0 12 0 0 0 0 0 0 56 0 0 0 72 0 0 0 0 0 30 0 0 35 
0 14 0 0 0 0 0 0 0 0 0 0 0 7 0 0 0 0 0 0 0 0 14 0 63 0 0 0 0 0 0 0 0 0 0 0 35 0 0 0 0 0 0 0 28 0 0 0 0 0 0 0 0 0 0 0 0 0 0 0 21 0 0 0 
0 55 27 0 0 0 45 0 0 0 0 0 0 5 0 0 45 0 0 0 0 72 10 0 45 36 0 0 0 0 0 0 0 0 0 0 25 63 18 18 0 0 0 0 20 0 0 0 0 0 0 0 0 0 0 0 0 18 0 0 15 0 0 36 
10 0 43 20 0 25 0 20 0 0 0 45 5 0 0 4 0 0 5 35 0 0 0 0 18 20 36 10 0 0 0 20 0 20 0 0 0 0 0 45 0 24 48 20 24 60 0 0 59 0 0 24 0 0 8 0 0 12 0 72 0 0 41 0 
0 28 24 20 0 0 0 84 0 0 10 45 37 24 0 0 64 36 0 0 0 0 24 5 34 0 0 12 0 24 0 20 8 8 0 0 20 0 0 24 24 0 40 20 0 0 0 0 64 32 35 48 0 0 0 0 24 56 0 0 0 45 16 0 
5 35 21 0 0 0 35 18 66 0 3 0 35 0 16 0 35 0 0 24 40 56 8 0 1 28 48 7 28 0 12 0 71 0 7 0 0 49 14 46 0 36 6 39 0 8 24 0 27 24 0 31 8 0 10 0 0 29 6 28 16 39 18 36 
16 0 27 0 0 0 0 36 72 0 0 0 0 0 9 0 0 5 8 0 27 0 0 0 0 41 0 0 45 0 0 0 0 0 0 0 0 0 0 8 0 0 0 0 0 0 9 0 0 0 0 54 9 0 0 0 0 27 0 0 3 0 0 0 
0 0 0 9 0 0 0 0 0 14 15 0 4 0 24 0 0 0 0 9 0 0 5 0 0 16 0 0 0 36 0 0 0 21 21 0 0 0 0 0 0 0 0 0 0 0 0 0 0 4 0 0 0 0 1 0 0 0 0 6 0 0 14 28 
0 57 0 32 0 20 112 32 0 0 0 107 8 31 0 0 128 0 18 3 54 6 6 0 43 27 0 0 0 42 3 32 3 63 9 64 33 0 105 36 28 13 0 56 12 18 38 21 0 0 22 0 0 72 0 12 9 0 0 0 52 0 0 43 
0 36 10 0 0 0 40 36 0 0 45 117 9 53 0 0 126 0 12 56 30 0 88 0 72 0 0 0 63 54 0 0 0 81 5 0 61 126 30 20 72 0 48 0 32 14 45 27 0 0 0 33 0 32 42 0 5 69 40 0 90 0 28 0 
0 0 30 0 0 0 18 0 36 47 1 0 10 0 68 15 0 0 0 0 56 0 24 0 0 18 0 0 0 76 36 0 0 0 0 0 0 0 6 9 0 23 0 3 0 0 0 0 54 10 0 12 12 0 3 0 0 0 12 93 75 0 5 0 
0 12 0 0 0 27 24 80 0 27 30 54 59 6 0 0 33 0 24 28 18 0 93 0 0 0 0 0 46 0 0 0 16 42 4 0 48 42 18 12 81 0 24 0 0 18 6 0 6 30 0 54 0 16 0 0 3 36 20 0 0 0 36 45 
0 30 0 0 0 0 0 14 0 0 0 0 0 3 0 0 8 0 8 24 0 63 3 0 3 0 0 15 0 0 6 0 0 14 0 0 43 0 0 0 36 27 0 48 0 45 0 0 3 10 36 27 0 0 12 0 3 15 6 0 0 15 2 6 
0 0 0 0 0 30 0 8 0 0 0 0 0 0 9 0 0 5 0 32 0 0 0 0 0 9 0 0 0 0 0 48 0 0 0 0 0 0 0 0 0 36 0 0 0 0 0 0 0 0 0 28 9 0 0 0 48 20 8 0 3 20 0 0 
0 0 101 12 0 9 0 36 0 0 0 27 3 18 0 18 63 18 0 0 0 0 44 0 69 83 73 0 27 0 3 12 24 0 0 0 63 0 36 0 58 0 0 40 63 0 0 6 9 6 49 99 49 0 0 0 30 56 9 0 0 0 6 21 
0 5 3 0 0 0 5 8 0 0 5 0 0 3 0 25 5 30 0 21 40 8 3 0 24 4 0 0 0 0 0 0 0 0 0 0 0 7 2 52 0 13 24 35 0 14 0 0 6 2 0 6 0 12 16 25 3 2 15 9 0 0 2 4 
36 0 30 48 0 0 45 0 0 0 0 0 0 0 81 0 99 35 0 0 0 54 0 0 18 63 0 0 36 0 0 0 0 0 0 72 0 0 4 0 0 0 0 0 0 0 0 0 18 2 48 0 63 81 0 0 0 4 0 0 30 0 0 45 
15 0 5 0 14 0 0 36 0 0 0 0 0 9 0 0 0 0 16 8 0 4 23 4 9 63 28 21 0 0 0 0 29 0 0 5 0 0 0 0 0 0 0 28 69 12 0 0 9 6 0 18 24 5 0 0 34 0 0 3 0 3 6 24 
0 3 30 0 0 0 0 72 0 0 0 0 0 27 45 0 0 25 0 48 0 0 27 6 27 45 0 20 0 0 0 0 48 3 0 30 36 0 0 0 0 0 0 0 36 0 0 0 27 18 0 54 45 45 16 0 27 0 0 12 15 18 18 18 
0 54 15 0 0 0 0 3 72 0 0 0 20 0 81 0 40 63 0 0 0 0 0 0 0 81 64 6 0 15 8 0 29 4 0 0 0 0 0 14 12 0 0 104 0 0 9 0 34 17 48 8 81 0 0 0 0 35 0 0 27 32 24 8 
(naive)

0 0 6 0 7 0 0 24 84 24 0 0 40 0 12 30 0 0 8 0 18 2 0 2 0 12 32 0 62 15 0 0 0 0 8 0 0 0 0 0 0 42 0 20 0 0 6 0 0 0 0 4 24 0 0 0 2 0 24 0 54 16 12 21 
0 25 15 0 0 15 25 0 72 0 6 0 0 0 0 0 49 0 24 0 0 40 0 3 0 26 66 0 0 0 3 24 0 42 5 0 60 35 10 10 0 0 24 40 0 0 0 0 0 24 21 8 0 0 0 7 24 10 0 5 0 64 24 20 
35 44 20 0 0 0 33 52 84 0 0 39 0 3 0 0 63 0 0 0 24 0 0 0 0 0 32 49 30 0 8 0 49 0 4 40 0 21 6 4 24 21 0 84 0 28 12 0 0 0 48 46 56 45 0 0 1 21 0 7 5 16 12 89 
0 40 27 0 0 0 0 0 3 0 54 30 30 6 0 0 0 0 8 0 0 0 0 8 0 3 0 0 24 36 8 0 0 0 12 0 0 0 0 0 0 42 2 64 36 0 12 63 0 0 48 0 0 0 0 0 0 0 0 0 0 0 27 8 
0 35 32 0 0 0 12 0 48 0 0 40 16 8 64 0 32 0 0 0 64 49 32 0 0 12 0 0 0 36 55 0 4 0 8 0 0 0 4 8 28 56 0 56 0 35 16 0 56 0 42 16 0 0 0 0 0 28 0 88 64 0 0 7 
24 0 116 32 0 0 0 24 0 0 0 48 0 9 12 0 48 0 0 24 0 36 9 0 45 36 0 0 24 0 0 0 24 0 0 15 0 42 8 0 120 0 0 0 18 0 0 0 45 10 32 18 0 15 0 0 9 8 0 0 0 9 6 0 
0 0 15 7 0 0 0 9 0 4 0 0 23 28 0 45 61 0 4 0 0 0 0 0 0 0 0 0 14 15 0 0 5 0 35 0 0 0 0 10 0 37 0 25 0 0 0 35 25 0 0 1 19 0 0 0 0 35 4 0 37 0 0 0 
0 0 27 0 0 0 0 0 0 0 0 35 0 7 0 9 0 0 0 72 0 0 40 0 0 12 81 0 0 0 0 0 0 45 7 0 0 0 0 0 24 49 0 0 54 63 14 0 0 0 0 0 0 0 8 0 0 0 0 0 0 0 36 0 
0 0 3 0 0 19 0 40 0 15 6 54 34 24 0 48 59 8 0 27 0 0 40 3 24 30 30 0 72 3 23 0 65 0 25 0 40 21 16 2 117 0 24 0 0 10 0 16 5 0 21 66 0 0 3 35 0 7 4 25 0 52 20 25 
14 0 50 0 0 25 9 0 30 4 0 0 0 0 40 35 0 36 7 56 40 0 36 0 24 109 32 0 0 18 30 40 56 0 0 35 0 0 3 7 0 7 0 56 114 12 0 0 27 0 0 10 4 35 0 30 64 0 4 57 49 21 0 0 
0 3 25 0 0 0 0 0 0 0 0 0 0 72 0 10 0 20 0 96 0 0 0 6 8 42 14 10 0 16 21 0 40 3 35 25 18 0 0 0 56 48 48 8 30 4 0 0 0 0 64 0 0 72 8 59 0 0 40 47 0 50 0 58 
35 0 21 0 2 0 0 28 0 0 58 0 5 0 0 34 0 0 0 0 0 0 0 8 0 0 0 49 0 33 0 0 49 0 28 0 32 0 0 0 7 24 64 20 28 28 0 52 0 7 56 0 74 0 0 0 0 0 0 11 0 72 21 56 
0 0 18 20 14 0 0 20 0 0 0 45 5 0 0 0 0 0 16 0 0 4 0 4 10 0 0 35 0 0 0 20 0 0 0 0 63 0 0 0 0 0 0 20 0 0 0 0 0 0 0 54 0 0 28 0 4 27 0 0 0 0 0 0 
0 0 35 0 0 0 0 0 54 0 0 0 0 0 0 1 0 0 0 84 0 0 0 0 0 0 57 0 0 0 0 0 56 5 0 35 9 0 0 0 0 0 24 30 48 13 0 0 0 0 0 6 0 51 18 0 0 0 20 0 0 45 34 0 
8 2 3 0 0 15 0 0 0 0 0 0 9 0 0 0 8 0 4 0 0 0 8 4 0 52 16 0 4 3 0 24 1 2 1 0 0 0 0 6 0 0 0 16 36 0 0 0 5 0 0 0 0 10 0 0 36 7 0 8 0 0 0 12 
0 0 6 0 0 0 0 81 72 42 0 47 39 27 87 48 24 35 36 0 0 0 0 0 0 63 64 10 72 48 8 0 64 0 3 0 18 28 0 0 80 21 0 40 0 0 6 16 0 12 0 35 63 0 8 0 0 9 0 18 84 32 30 0 
0 5 0 0 0 27 0 72 0 27 12 54 54 27 0 0 9 3 0 0 0 0 45 6 0 0 0 0 0 6 1 0 0 0 0 0 24 0 0 0 102 18 48 8 0 18 0 0 0 0 72 54 0 0 0 0 0 0 0 0 0 54 36 61 
0 35 0 0 0 0 0 0 27 0 0 0 0 0 0 6 16 0 16 0 0 56 0 0 0 0 78 0 0 0 7 0 0 58 0 0 32 0 0 0 32 0 0 71 36 82 0 0 0 16 42 3 0 0 0 0 0 0 0 0 0 12 33 7 
0 44 7 18 0 20 72 67 0 51 30 30 30 40 0 45 5 3 0 7 54 0 42 0 45 18 6 2 0 6 9 0 24 42 66 0 20 0 54 36 66 81 0 0 16 10 9 0 25 15 24 48 36 0 0 21 18 0 36 15 93 15 55 40 
0 0 69 0 0 62 0 32 18 40 12 24 32 0 16 9 4 0 0 21 0 0 20 0 0 28 97 0 0 40 0 72 0 45 0 0 6 0 9 0 99 1 18 10 62 75 0 14 0 8 1 26 0 12 12 0 72 0 15 12 0 8 76 20 
0 2 24 0 0 0 0 16 42 0 42 15 4 31 56 0 8 3 0 64 56 0 30 0 9 0 0 30 0 37 42 0 1 0 3 0 77 0 0 2 21 111 0 0 32 12 6 49 5 0 24 70 0 0 60 0 0 47 16 63 59 40 45 15 
0 5 3 36 0 27 5 110 0 27 0 135 63 81 0 0 14 9 0 0 0 8 45 0 20 4 0 0 0 18 0 36 16 0 0 0 0 7 2 12 144 60 12 36 0 26 6 0 12 6 72 54 0 0 2 0 0 2 0 18 0 0 36 94 
0 0 62 0 0 40 0 0 0 0 3 20 0 16 0 0 32 0 0 105 24 0 0 0 7 0 0 16 0 24 0 0 0 36 0 0 0 0 0 62 0 27 84 9 0 28 20 12 77 0 0 18 0 28 16 0 0 9 35 63 20 0 40 0 
48 36 40 64 0 0 102 0 18 0 0 20 0 52 44 0 110 4 0 0 54 72 0 0 0 20 16 0 48 57 0 0 0 36 9 48 0 0 54 36 28 24 0 10 0 0 20 12 0 0 96 2 0 54 0 0 9 0 0 0 26 8 6 85 
0 25 45 0 0 6 0 4 0 0 0 0 0 0 0 0 0 0 0 72 0 0 10 0 6 45 20 0 0 0 5 0 72 0 0 45 21 0 0 30 10 18 36 60 99 38 0 0 18 0 30 0 0 45 64 0 15 0 0 54 12 27 28 5 
0 0 43 0 0 0 24 0 0 0 6 20 0 16 45 16 32 25 0 0 0 0 18 0 0 150 36 0 0 76 0 0 0 36 14 0 0 0 8 0 0 12 0 46 85 0 20 19 72 0 0 0 51 0 0 0 27 0 0 32 35 0 3 0 
0 0 0 0 0 0 0 45 0 36 0 0 15 0 8 45 0 0 20 0 0 0 0 0 0 8 0 0 0 10 0 0 0 0 0 0 0 0 0 0 0 63 0 0 0 0 0 0 0 0 0 5 36 0 0 0 0 0 36 0 116 0 0 14 
0 0 0 0 0 21 0 14 9 0 0 48 0 0 9 0 36 5 0 0 0 0 0 0 27 9 8 0 0 0 0 0 0 0 0 0 0 42 6 0 83 0 0 5 0 0 0 0 27 3 0 1 9 0 56 0 0 6 0 0 45 4 3 0 
0 0 0 6 0 0 0 4 35 30 0 9 1 8 10 0 6 0 0 0 0 0 0 0 2 0 0 0 4 0 0 4 0 0 0 0 0 0 0 0 0 0 0 49 15 0 0 10 0 0 0 0 0 0 0 35 0 0 0 0 6 0 0 0 
0 21 74 0 0 0 20 4 8 0 0 0 24 0 72 0 68 40 0 103 3 74 35 2 0 88 0 0 5 18 0 0 46 1 0 25 18 28 8 20 24 0 0 0 30 42 1 0 30 0 0 54 72 30 43 0 0 77 0 4 24 15 24 22 
0 0 0 0 0 0 0 0 72 0 0 10 0 47 0 0 0 5 0 0 0 21 0 0 0 0 64 0 0 10 0 0 0 0 2 0 0 0 0 0 47 44 0 40 0 15 4 0 0 0 40 8 0 0 0 0 0 0 0 0 0 32 24 25 
8 45 27 0 0 9 45 0 56 48 8 0 0 0 16 0 108 18 28 4 64 80 0 0 54 142 63 0 0 0 27 0 4 0 45 0 114 63 74 94 0 28 0 96 24 42 4 0 0 0 0 81 0 0 78 135 0 18 9 45 0 45 36 36 
0 30 58 0 7 0 30 0 18 0 0 15 0 12 0 0 54 0 8 0 0 50 15 2 0 24 16 0 0 18 0 0 0 27 0 0 15 42 12 12 0 0 0 10 0 10 15 9 0 0 35 2 35 0 30 0 2 52 0 0 15 8 26 39 
0 20 0 0 0 25 0 18 30 14 0 0 4 0 48 0 0 0 0 72 40 0 20 0 6 0 0 0 0 16 34 0 0 0 0 0 0 0 45 30 35 104 36 32 0 24 0 0 18 4 29 73 0 0 6 0 0 45 18 105 40 45 2 4 
0 0 7 0 0 26 0 0 0 42 1 0 12 0 24 0 42 12 48 43 8 16 0 0 36 72 30 2 0 48 0 0 8 0 0 0 90 0 91 9 21 29 24 3 0 48 8 0 7 12 3 54 0 16 3 32 0 0 26 18 0 0 11 0 
0 20 12 0 0 0 20 8 49 42 40 25 0 28 14 9 84 0 24 0 0 32 64 0 0 16 81 0 56 30 0 0 0 132 0 0 48 84 8 8 0 0 0 63 75 63 25 15 0 24 0 0 0 0 0 49 0 56 0 0 25 0 36 16 
0 28 0 11 14 45 56 0 0 32 10 25 35 40 0 54 55 0 0 9 42 0 5 0 0 24 8 0 10 65 12 72 0 59 41 0 0 0 42 28 49 56 0 0 0 0 25 61 0 49 0 0 74 0 1 28 79 0 32 48 112 20 8 0 
0 10 31 16 0 0 0 25 0 0 45 56 4 13 16 0 0 0 0 24 0 0 78 0 8 16 0 0 63 20 2 16 24 0 4 15 0 63 0 0 0 28 0 32 18 0 8 0 0 0 26 0 14 15 0 0 0 70 0 0 0 9 0 36 
0 0 9 3 0 0 0 39 0 36 40 0 0 19 0 45 0 0 0 0 0 0 68 0 12 28 8 0 49 0 12 0 0 7 27 0 0 49 0 0 8 63 0 0 0 0 0 0 12 8 0 24 36 0 0 28 12 42 36 20 81 20 12 0 
0 3 0 4 35 0 40 22 0 0 48 16 0 25 0 14 124 0 68 64 0 10 48 25 0 0 72 0 59 0 1 0 8 92 0 64 92 56 0 0 22 72 72 0 48 56 0 22 0 28 63 56 0 87 0 0 10 76 16 12 20 121 32 58 
0 45 48 8 0 0 45 0 0 12 7 0 28 86 0 35 125 30 0 18 56 72 10 0 16 36 0 40 16 33 0 0 7 0 0 0 72 63 18 95 42 71 0 37 0 8 0 40 35 0 48 0 12 0 55 20 0 67 12 0 51 0 0 66 
54 0 75 81 0 3 43 0 0 0 15 0 0 0 27 0 93 6 0 0 0 81 0 0 54 18 15 0 54 36 0 0 0 21 21 40 21 0 26 0 0 0 0 0 0 0 0 0 90 4 72 27 0 45 0 0 0 8 3 24 5 0 12 25 
0 0 50 0 46 25 0 0 0 0 2 45 10 9 0 11 0 0 48 95 0 26 20 13 0 0 63 10 0 10 0 0 24 35 9 15 4 0 0 0 22 63 8 0 60 59 18 6 35 14 7 0 12 15 4 0 12 0 0 8 0 18 53 0 
0 0 2 0 0 0 0 64 27 0 0 0 0 24 0 0 0 0 0 0 0 0 24 0 24 0 24 0 0 0 0 0 0 0 0 0 0 0 0 0 0 0 0 15 0 0 0 0 24 16 0 57 0 0 0 0 24 3 0 0 0 12 25 0 
0 0 0 12 0 15 0 22 0 0 0 27 3 63 0 0 0 7 0 0 0 0 0 0 6 0 0 40 0 14 0 12 0 0 0 0 72 0 0 0 74 42 0 12 0 0 0 0 0 0 56 0 0 0 72 0 0 0 0 0 30 0 0 35 
0 14 0 0 0 0 0 0 0 0 0 0 0 7 0 0 0 0 0 0 0 0 14 0 63 0 0 0 0 0 0 0 0 0 0 0 35 0 0 0 0 0 0 0 28 0 0 0 0 0 0 0 0 0 0 0 0 0 0 0 21 0 0 0 
0 55 27 0 0 0 45 0 0 0 0 0 0 5 0 0 45 0 0 0 0 72 10 0 45 36 0 0 0 0 0 0 0 0 0 0 25 63 18 18 0 0 0 0 20 0 0 0 0 0 0 0 0 0 0 0 0 18 0 0 15 0 0 36 
10 0 43 20 0 25 0 20 0 0 0 45 5 0 0 4 0 0 5 35 0 0 0 0 18 20 36 10 0 0 0 20 0 20 0 0 0 0 0 45 0 24 48 20 24 60 0 0 59 0 0 24 0 0 8 0 0 12 0 72 0 0 41 0 
0 28 24 20 0 0 0 84 0 0 10 45 37 24 0 0 64 36 0 0 0 0 24 5 34 0 0 12 0 24 0 20 8 8 0 0 20 0 0 24 24 0 40 20 0 0 0 0 64 32 35 48 0 0 0 0 24 56 0 0 0 45 16 0 
5 35 21 0 0 0 35 18 66 0 3 0 35 0 16 0 35 0 0 24 40 56 8 0 1 28 48 7 28 0 12 0 71 0 7 0 0 49 14 46 0 36 6 39 0 8 24 0 27 24 0 31 8 0 10 0 0 29 6 28 16 39 18 36 
16 0 27 0 0 0 0 36 72 0 0 0 0 0 9 0 0 5 8 0 27 0 0 0 0 41 0 0 45 0 0 0 0 0 0 0 0 0 0 8 0 0 0 0 0 0 9 0 0 0 0 54 9 0 0 0 0 27 0 0 3 0 0 0 
0 0 0 9 0 0 0 0 0 14 15 0 4 0 24 0 0 0 0 9 0 0 5 0 0 16 0 0 0 36 0 0 0 21 21 0 0 0 0 0 0 0 0 0 0 0 0 0 0 4 0 0 0 0 1 0 0 0 0 6 0 0 14 28 
0 57 0 32 0 20 112 32 0 0 0 107 8 31 0 0 128 0 18 3 54 6 6 0 43 27 0 0 0 42 3 32 3 63 9 64 33 0 105 36 28 13 0 56 12 18 38 21 0 0 22 0 0 72 0 12 9 0 0 0 52 0 0 43 
0 36 10 0 0 0 40 36 0 0 45 117 9 53 0 0 126 0 12 56 30 0 88 0 72 0 0 0 63 54 0 0 0 81 5 0 61 126 30 20 72 0 48 0 32 14 45 27 0 0 0 33 0 32 42 0 5 69 40 0 90 0 28 0 
0 0 30 0 0 0 18 0 36 47 1 0 10 0 68 15 0 0 0 0 56 0 24 0 0 18 0 0 0 76 36 0 0 0 0 0 0 0 6 9 0 23 0 3 0 0 0 0 54 10 0 12 12 0 3 0 0 0 12 93 75 0 5 0 
0 12 0 0 0 27 24 80 0 27 30 54 59 6 0 0 33 0 24 28 18 0 93 0 0 0 0 0 46 0 0 0 16 42 4 0 48 42 18 12 81 0 24 0 0 18 6 0 6 30 0 54 0 16 0 0 3 36 20 0 0 0 36 45 
0 30 0 0 0 0 0 14 0 0 0 0 0 3 0 0 8 0 8 24 0 63 3 0 3 0 0 15 0 0 6 0 0 14 0 0 43 0 0 0 36 27 0 48 0 45 0 0 3 10 36 27 0 0 12 0 3 15 6 0 0 15 2 6 
0 0 0 0 0 30 0 8 0 0 0 0 0 0 9 0 0 5 0 32 0 0 0 0 0 9 0 0 0 0 0 48 0 0 0 0 0 0 0 0 0 36 0 0 0 0 0 0 0 0 0 28 9 0 0 0 48 20 8 0 3 20 0 0 
0 0 101 12 0 9 0 36 0 0 0 27 3 18 0 18 63 18 0 0 0 0 44 0 69 83 73 0 27 0 3 12 24 0 0 0 63 0 36 0 58 0 0 40 63 0 0 6 9 6 49 99 49 0 0 0 30 56 9 0 0 0 6 21 
0 5 3 0 0 0 5 8 0 0 5 0 0 3 0 25 5 30 0 21 40 8 3 0 24 4 0 0 0 0 0 0 0 0 0 0 0 7 2 52 0 13 24 35 0 14 0 0 6 2 0 6 0 12 16 25 3 2 15 9 0 0 2 4 
36 0 30 48 0 0 45 0 0 0 0 0 0 0 81 0 99 35 0 0 0 54 0 0 18 63 0 0 36 0 0 0 0 0 0 72 0 0 4 0 0 0 0 0 0 0 0 0 18 2 48 0 63 81 0 0 0 4 0 0 30 0 0 45 
15 0 5 0 14 0 0 36 0 0 0 0 0 9 0 0 0 0 16 8 0 4 23 4 9 63 28 21 0 0 0 0 29 0 0 5 0 0 0 0 0 0 0 28 69 12 0 0 9 6 0 18 24 5 0 0 34 0 0 3 0 3 6 24 
0 3 30 0 0 0 0 72 0 0 0 0 0 27 45 0 0 25 0 48 0 0 27 6 27 45 0 20 0 0 0 0 48 3 0 30 36 0 0 0 0 0 0 0 36 0 0 0 27 18 0 54 45 45 16 0 27 0 0 12 15 18 18 18 
0 54 15 0 0 0 0 3 72 0 0 0 20 0 81 0 40 63 0 0 0 0 0 0 0 81 64 6 0 15 8 0 29 4 0 0 0 0 0 14 12 0 0 104 0 0 9 0 34 17 48 8 81 0 0 0 0 35 0 0 27 32 24 8 
(strassen)

