1292 1319 1238 1151 1332 1150 1188 1138 1377 1223 1487 1263 1215 1170 1325 1131 1430 1219 1271 1187 1399 1125 1350 1230 1051 1024 1226 1119 1279 1182 1219 1206 1321 1444 1181 1467 1246 1353 1188 1533 1481 1488 1368 1050 1478 1240 1458 1449 1252 1374 1424 1204 1231 1240 1135 1409 1209 1326 1326 1416 1285 1043 1355 1265 
1158 983 1075 1078 1251 1110 1098 1054 1092 1110 1218 1111 1018 1103 1177 1070 1162 1082 1023 1157 1227 1002 1106 1059 942 873 1053 1047 1025 987 1152 1109 1212 1237 947 1070 987 1189 1037 1286 1316 1168 1252 1128 1272 1117 1369 1092 1103 1167 1172 1192 1127 1137 1100 1278 1228 1165 1115 1247 1198 949 1325 1119 
1219 1150 1173 963 1306 1009 1122 867 1097 1067 1328 1248 971 1124 1149 989 1265 1008 976 1014 1262 930 1176 1027 984 932 1174 977 1119 1011 1053 1095 1181 1105 1009 1299 1079 1215 1135 1324 1228 1125 1243 994 1365 1260 1244 1092 1031 1193 1243 1092 1007 1125 1071 1177 1091 1196 1149 1274 1098 969 1242 1024 
1391 1346 1300 1191 1425 1254 1225 1183 1249 1216 1462 1212 1185 1100 1225 1264 1278 1203 1271 1283 1539 1082 1395 1396 1051 1110 1412 1201 1195 1253 1346 1383 1337 1523 1140 1404 1208 1584 1223 1531 1390 1409 1300 1238 1487 1473 1452 1416 1335 1350 1294 1348 1163 1171 1098 1540 1320 1355 1177 1400 1313 1130 1518 1235 
1418 1384 1502 1312 1509 1343 1304 1281 1200 1307 1436 1357 1249 1294 1270 1324 1398 1229 1330 1328 1714 1253 1450 1373 1153 1238 1367 1217 1293 1395 1425 1495 1440 1513 1132 1480 1174 1619 1261 1506 1620 1498 1407 1305 1501 1470 1553 1462 1389 1376 1353 1526 1309 1283 1219 1663 1406 1482 1379 1659 1371 1140 1554 1426 
1105 1260 1162 927 1258 1022 1119 1082 1066 1056 1299 1107 1025 1125 1142 1247 1028 981 1095 1073 1294 971 1231 1111 933 1022 1081 949 1091 1105 1221 1070 1081 1210 931 1248 1018 1224 1118 1339 1240 1315 1107 1088 1311 1205 1287 1135 1132 1034 1138 1251 1135 1011 1097 1307 1166 1271 1043 1305 1174 938 1258 978 
1500 1474 1387 1318 1485 1366 1429 1372 1499 1420 1573 1500 1398 1380 1448 1461 1564 1362 1481 1336 1630 1359 1448 1628 1136 1340 1412 1295 1297 1354 1559 1424 1481 1621 1324 1497 1377 1585 1468 1651 1574 1624 1363 1362 1624 1502 1661 1549 1463 1503 1636 1495 1426 1417 1374 1778 1605 1674 1520 1719 1517 1348 1664 1381 
1278 1266 1248 1184 1401 1201 1338 1226 1090 1329 1355 1324 1145 1274 1180 1122 1372 1265 1331 1209 1528 1152 1272 1345 1159 979 1324 1110 1160 1192 1218 1164 1290 1375 1101 1315 1156 1361 1107 1456 1374 1411 1308 1155 1406 1330 1495 1355 1226 1268 1326 1293 1041 1147 1105 1406 1244 1380 1227 1447 1174 1127 1461 1210 
1263 1122 1355 1152 1346 1232 1242 1109 1320 1203 1418 1288 1154 1185 1292 1287 1342 1320 1323 1181 1494 1154 1151 1359 1116 1112 1278 1109 1100 1208 1505 1371 1316 1459 1141 1429 1112 1417 1092 1399 1460 1414 1344 1329 1370 1313 1465 1264 1224 1380 1450 1276 1262 1172 1105 1479 1322 1464 1369 1358 1289 1140 1495 1205 
1315 1296 1305 1202 1455 1171 1231 1072 1251 1172 1380 1234 1157 1283 1222 1197 1173 1153 1062 1149 1426 1105 1299 1254 1084 1031 1287 1127 1157 1186 1183 1175 1260 1235 918 1291 1023 1193 1137 1381 1431 1175 1227 1122 1237 1354 1477 1221 1127 1241 1252 1278 1098 1160 1325 1371 1219 1338 1200 1329 1337 1118 1443 1061 
1146 1373 1402 1117 1389 1154 1307 1251 1228 1228 1496 1271 1176 1183 1267 1316 1432 1216 1340 1259 1547 1057 1327 1298 1186 1192 1352 1126 1273 1230 1306 1314 1232 1503 1148 1528 1182 1404 1287 1590 1249 1407 1280 1197 1514 1397 1435 1438 1239 1202 1207 1352 1125 1164 1186 1561 1314 1312 1247 1484 1306 1114 1505 1284 
1050 1272 1177 1000 1368 1198 1043 1112 1085 993 1259 1165 1147 1124 1079 1183 1149 1018 1050 1080 1389 1067 1166 1200 1112 1022 1091 997 1109 1081 1165 1230 1119 1189 1054 1285 1089 1181 969 1316 1263 1320 1233 1162 1417 1180 1376 1219 1136 1082 1272 1248 1130 1063 1091 1403 1180 1307 1109 1380 1151 1016 1354 1213 
1274 1398 1233 1137 1315 1286 1317 1135 1186 1218 1339 1213 1146 1277 1331 1336 1304 1164 1389 1287 1484 1195 1330 1370 1051 1074 1241 1152 1109 1083 1341 1288 1188 1410 1181 1374 1081 1307 1105 1427 1470 1370 1312 1276 1457 1271 1418 1179 1116 1197 1286 1287 1199 1372 1188 1476 1428 1506 1341 1657 1395 1218 1470 1215 
1313 1280 1352 1169 1262 1222 1382 1162 1243 1273 1468 1237 1206 1208 1320 1245 1281 1243 1278 1219 1473 1133 1298 1304 981 1039 1213 1209 1232 1155 1231 1074 1342 1367 1082 1342 1217 1324 1267 1506 1391 1413 1331 1208 1394 1241 1441 1247 1284 1177 1374 1265 1217 1255 1283 1425 1445 1366 1303 1536 1304 1190 1431 1204 
1442 1287 1402 1300 1514 1295 1339 1196 1494 1409 1591 1462 1305 1325 1352 1328 1376 1332 1294 1317 1629 1394 1415 1455 1146 1294 1360 1326 1260 1280 1467 1357 1410 1470 1250 1427 1266 1481 1300 1623 1577 1600 1487 1329 1591 1488 1641 1513 1467 1410 1604 1441 1363 1292 1374 1693 1325 1588 1421 1619 1473 1232 1425 1401 
1120 1325 1175 1028 1338 1123 1277 1007 1245 1209 1359 1299 1116 1250 1271 1220 1320 1163 1367 1269 1444 1106 1256 1269 1002 1073 1208 1059 1189 1243 1272 1117 1235 1319 1047 1398 1147 1358 1107 1363 1466 1374 1217 1148 1344 1310 1399 1249 1201 1226 1286 1272 1235 1250 1081 1417 1294 1407 1280 1456 1194 1051 1447 1188 
1279 1078 1105 1019 1267 1018 1102 1067 1117 1097 1206 1211 1051 1197 1128 1206 1177 1069 1087 1075 1333 1050 1100 1187 970 924 1283 1093 1109 1038 1302 1107 1199 1208 1032 1257 1032 1363 1186 1308 1266 1301 1219 1171 1422 1293 1306 1181 1082 1158 1210 1287 1115 998 1017 1381 1122 1296 1067 1440 1093 1034 1175 1132 
1530 1417 1552 1415 1619 1391 1554 1417 1401 1442 1613 1353 1440 1436 1482 1425 1431 1416 1510 1482 1774 1186 1555 1580 1112 1317 1500 1439 1476 1217 1497 1553 1526 1581 1220 1746 1383 1716 1330 1698 1662 1700 1523 1539 1652 1582 1601 1550 1457 1487 1651 1602 1525 1477 1397 1780 1612 1694 1521 1610 1566 1227 1678 1323 
1434 1316 1263 1090 1284 1182 1303 1250 1225 1285 1456 1239 1100 1247 1243 1215 1255 1204 1245 1101 1412 1061 1274 1470 1078 1090 1334 1005 1169 1147 1205 1204 1243 1332 1134 1276 1206 1357 1091 1502 1284 1341 1246 1168 1335 1326 1353 1333 1205 1238 1342 1215 1117 1081 1177 1392 1385 1391 1242 1347 1217 1104 1293 1216 
1372 1140 1278 1195 1317 1185 1344 1207 1326 1306 1417 1246 1173 1221 1311 1323 1355 1238 1285 1210 1449 1176 1300 1415 1112 1086 1264 1146 1188 1216 1336 1238 1309 1409 1010 1371 1263 1490 1355 1494 1503 1596 1313 1244 1544 1311 1537 1383 1186 1314 1421 1308 1209 1157 1272 1545 1270 1399 1248 1493 1356 1237 1343 1270 
1494 1521 1459 1296 1521 1366 1363 1297 1289 1421 1587 1301 1296 1440 1305 1355 1501 1321 1356 1282 1633 1320 1425 1504 1241 1260 1363 1169 1265 1284 1446 1466 1431 1526 1400 1390 1294 1524 1242 1677 1506 1529 1316 1415 1552 1357 1545 1387 1570 1474 1537 1492 1457 1247 1257 1735 1469 1608 1435 1586 1467 1242 1574 1346 
1381 1463 1277 1285 1496 1292 1275 1342 1535 1413 1604 1371 1435 1394 1415 1358 1496 1361 1457 1292 1592 1360 1476 1504 1103 1169 1406 1266 1352 1278 1376 1384 1419 1580 1310 1670 1371 1439 1292 1691 1600 1590 1334 1233 1641 1415 1575 1566 1453 1418 1554 1433 1360 1279 1218 1724 1393 1572 1449 1544 1394 1192 1560 1456 
1254 1350 1349 1173 1321 1160 1360 1051 1247 1193 1458 1263 1194 1310 1182 1043 1318 1333 1228 1102 1450 1078 1291 1255 1114 988 1292 1136 1140 1202 1266 1239 1245 1275 1206 1336 1197 1309 1119 1571 1396 1374 1312 1155 1370 1376 1436 1201 1196 1325 1419 1283 1199 1191 1218 1359 1303 1518 1311 1377 1361 1114 1417 1166 
1290 1388 1155 1185 1427 1174 1225 1139 1326 1331 1472 1222 1232 1302 1181 1193 1417 1337 1292 1325 1366 1197 1360 1345 1060 1100 1344 1094 1237 1073 1212 1241 1362 1411 1115 1409 1189 1453 1150 1540 1480 1495 1238 1193 1430 1356 1466 1508 1384 1441 1474 1305 1261 1291 1167 1446 1231 1378 1328 1417 1441 1092 1500 1232 
921 1017 1016 914 1140 1026 980 860 951 930 1089 900 1011 1059 968 950 951 947 1008 933 1131 932 906 916 774 820 973 936 874 868 954 873 1047 1004 787 1094 898 968 816 1140 1105 1105 1023 965 1140 1123 1221 922 983 969 1098 1003 959 901 941 1145 988 1182 903 1198 995 852 1235 1012 
1313 1210 1134 1016 1153 1065 1123 1091 1108 1192 1328 1192 1031 1070 1033 1042 1144 1099 1235 1167 1429 1023 1293 1301 943 984 1160 1047 1012 1093 1169 1271 1027 1391 1028 1255 1068 1360 973 1370 1245 1317 1056 1198 1272 1226 1224 1259 1189 1162 1188 1216 1067 1055 1104 1277 1298 1302 1281 1240 1213 941 1264 1164 
1412 1399 1581 1385 1592 1329 1583 1443 1489 1394 1612 1453 1323 1386 1351 1477 1360 1415 1414 1362 1622 1219 1326 1604 1204 1406 1451 1268 1455 1405 1453 1420 1446 1463 1117 1531 1275 1546 1243 1675 1603 1652 1426 1532 1485 1512 1645 1459 1380 1435 1456 1413 1369 1346 1376 1590 1598 1706 1433 1534 1504 1148 1551 1369 
1392 1385 1374 1277 1591 1300 1407 1295 1320 1310 1442 1457 1324 1203 1427 1316 1323 1255 1424 1329 1541 1133 1365 1443 994 1203 1379 1346 1351 1247 1386 1292 1389 1450 1248 1503 1284 1551 1322 1490 1588 1551 1391 1266 1596 1552 1607 1473 1463 1437 1421 1328 1342 1347 1282 1578 1430 1628 1398 1571 1383 1225 1582 1396 
1381 1428 1310 1207 1468 1242 1295 1214 1212 1294 1508 1314 1194 1334 1325 1279 1463 1286 1427 1309 1572 1292 1371 1335 1046 1148 1357 1304 1228 1235 1446 1435 1495 1441 1151 1475 1195 1529 1251 1622 1552 1582 1434 1268 1664 1458 1584 1508 1341 1265 1362 1457 1289 1323 1213 1542 1331 1551 1279 1615 1396 1154 1482 1312 
1176 1321 1237 1162 1330 1142 1119 1190 1163 1128 1380 1287 1166 1115 1264 1134 1364 1117 1248 1224 1331 1111 1209 1335 997 1166 1391 1189 1148 1159 1318 1217 1287 1396 989 1361 1031 1383 1224 1353 1388 1428 1149 1131 1480 1349 1367 1440 1184 1288 1166 1308 1222 1190 1103 1416 1191 1384 1211 1459 1249 1154 1354 1213 
1401 1542 1334 1278 1426 1323 1341 1329 1321 1274 1581 1364 1110 1329 1351 1397 1356 1347 1307 1453 1520 1244 1429 1423 1149 1207 1505 1281 1291 1445 1302 1359 1436 1475 1048 1448 1239 1598 1247 1626 1623 1389 1414 1394 1465 1488 1684 1534 1365 1440 1282 1505 1197 1305 1307 1452 1498 1519 1306 1470 1450 1252 1544 1316 
1243 1249 1248 1099 1202 1001 1229 1062 1165 1121 1426 1335 1036 1037 1180 1010 1178 1223 1206 1078 1327 1056 1210 1201 939 920 1128 1175 1136 1216 1213 1246 1327 1272 1170 1264 1168 1348 1246 1416 1402 1320 1246 1083 1378 1326 1388 1260 1278 1159 1113 1244 1130 1111 1124 1236 1199 1458 1228 1233 1327 1086 1288 1078 
1292 1116 1190 1265 1335 1185 1194 1073 1175 1226 1201 1153 1255 1178 1151 1204 1256 1185 1297 1126 1378 1139 1294 1305 877 990 1181 1091 1181 904 1213 1224 1198 1344 1020 1368 1063 1397 1235 1345 1417 1343 1159 1237 1325 1273 1354 1208 1078 1192 1270 1277 1242 1174 1078 1409 1286 1334 1213 1364 1289 1057 1401 1082 
1046 1150 1239 987 1216 1042 1203 1122 1159 1122 1343 1246 1152 1118 1235 1250 1198 1104 1272 1173 1419 1072 1192 1123 998 1014 1150 1062 1139 1066 1343 1209 1012 1310 1077 1410 1050 1335 1080 1319 1395 1447 1089 1252 1377 1273 1351 1226 1237 1114 1138 1320 1163 1115 1081 1365 1184 1369 1263 1350 1324 1004 1303 1110 
1186 1278 1285 1090 1337 1227 1193 1053 1113 1196 1382 1353 1115 1141 1205 1150 1416 1238 1214 1186 1322 1219 1125 1206 1115 1008 1344 1137 1150 1164 1194 1201 1285 1218 1098 1397 1029 1315 1070 1326 1427 1245 1277 1216 1313 1335 1453 1313 1211 1327 1190 1280 1058 1328 1149 1306 1232 1422 1340 1450 1278 1122 1451 1232 
1469 1455 1401 1324 1529 1330 1455 1329 1393 1385 1607 1347 1263 1416 1463 1350 1478 1244 1488 1312 1748 1229 1482 1394 1098 1125 1209 1363 1375 1289 1356 1470 1421 1543 1276 1510 1378 1512 1420 1550 1526 1583 1457 1229 1669 1535 1660 1373 1392 1346 1476 1500 1349 1389 1289 1661 1378 1529 1320 1584 1381 1212 1508 1371 
1070 1035 1068 1050 1288 1013 1118 1059 1162 1058 1121 1056 1107 1018 1043 1085 1115 1130 1117 1040 1213 961 1065 1069 854 845 1044 1002 1086 855 1065 1091 1037 1177 1002 1129 956 1077 903 1154 1154 1177 1049 1026 1239 1048 1208 1015 1007 1008 1232 1064 1045 1133 1039 1254 1115 1159 1072 1229 1130 823 1219 955 
1349 1400 1410 1235 1275 1335 1437 1185 1365 1348 1625 1465 1243 1249 1477 1354 1523 1295 1400 1356 1594 1310 1389 1341 1170 1245 1349 1200 1176 1416 1369 1223 1326 1507 1145 1420 1281 1452 1460 1614 1637 1516 1302 1333 1577 1382 1659 1497 1358 1455 1395 1329 1277 1273 1369 1539 1434 1566 1432 1696 1453 1349 1467 1420 
1298 1276 1255 1078 1254 1082 1202 1038 1215 1099 1529 1197 1181 1356 1241 1331 1257 1064 1159 1157 1432 1179 1139 1245 1046 1091 1248 1086 1205 1134 1206 1156 1287 1237 1172 1247 1291 1331 1123 1418 1371 1472 1429 1317 1458 1260 1430 1173 1277 1253 1321 1337 1197 1156 1079 1414 1213 1403 1084 1535 1289 1081 1256 1137 
1297 1422 1400 1382 1546 1345 1442 1312 1314 1360 1382 1424 1434 1323 1370 1366 1503 1259 1429 1350 1652 1375 1437 1351 1076 1189 1342 1281 1354 1336 1478 1213 1415 1482 1261 1567 1281 1564 1430 1508 1681 1603 1478 1263 1594 1457 1624 1474 1390 1410 1517 1473 1433 1481 1246 1724 1378 1679 1428 1778 1555 1246 1594 1327 
1255 1311 1271 1249 1524 1203 1336 1072 1297 1310 1458 1359 1292 1236 1284 1140 1293 1280 1249 1262 1408 1138 1391 1306 1068 1175 1304 1214 1305 1242 1391 1173 1309 1275 1167 1400 1217 1497 1235 1528 1461 1527 1386 1230 1487 1443 1592 1285 1222 1381 1455 1409 1303 1309 1254 1491 1276 1588 1281 1458 1434 1113 1558 1168 
1369 1379 1345 1312 1510 1268 1287 1257 1250 1293 1486 1400 1319 1348 1305 1332 1483 1268 1394 1334 1574 1252 1352 1427 1113 1111 1420 1296 1233 1204 1421 1392 1490 1590 1205 1539 1247 1441 1283 1575 1583 1469 1443 1309 1451 1476 1536 1524 1336 1391 1406 1420 1342 1339 1220 1596 1397 1524 1451 1552 1531 1262 1632 1274 
1397 1254 1204 1195 1360 1180 1259 1192 1207 1243 1396 1387 1208 1217 1143 1054 1350 1250 1271 1326 1543 1140 1263 1328 1022 889 1408 1265 1240 1113 1241 1219 1366 1259 1152 1479 1141 1515 1207 1504 1472 1584 1342 1291 1442 1358 1470 1430 1251 1356 1360 1334 1225 1321 1104 1343 1309 1510 1281 1504 1282 1081 1332 1167 
1213 1146 1124 1077 1227 1011 1195 1152 1262 1186 1472 1157 1085 1097 1255 1279 1230 1125 1219 1185 1326 1045 1263 1290 894 1100 1237 1072 1153 1113 1329 1221 1228 1384 983 1302 1154 1374 1156 1410 1321 1465 1209 1168 1202 1190 1444 1356 1046 1171 1240 1131 1077 1109 1003 1289 1150 1308 1188 1261 1266 990 1192 1003 
1095 1131 1095 1083 1170 1055 1016 1063 1007 1055 1077 1040 990 983 1103 1016 1049 926 1035 1041 1248 892 1151 1096 752 960 1044 1018 1062 934 977 959 1094 1207 880 1239 968 1137 1049 1243 1144 1150 1059 959 1201 1129 1175 1271 1066 1156 1009 1070 1093 1059 958 1174 1167 1179 1157 1253 1088 896 1247 1048 
1188 1119 1148 1224 1326 1058 1212 1156 1284 1246 1358 1270 1121 1119 1233 1297 1360 1296 1249 1174 1489 1102 1265 1261 968 1138 1262 1073 1181 1099 1338 1238 1235 1342 1058 1388 1084 1336 1201 1371 1402 1415 1208 1158 1439 1237 1377 1405 1110 1171 1377 1262 1145 1160 1062 1432 1171 1355 1206 1349 1236 1080 1304 1146 
1087 1076 1074 1063 1225 861 1064 987 1092 1058 1202 1111 1028 1094 1101 1012 1243 1012 1107 1025 1108 940 1078 1182 881 1004 1134 1037 1227 884 1069 1002 1130 1227 986 1181 1031 1124 1055 1220 1102 1310 1142 965 1206 1113 1212 1178 1041 1152 1087 1032 993 1101 981 1219 1073 1170 1172 1232 1080 915 1136 993 
1347 1260 1434 1256 1496 1281 1360 1207 1292 1363 1400 1162 1309 1265 1307 1289 1459 1155 1423 1187 1627 1208 1351 1311 1104 1168 1202 1179 1221 1220 1378 1239 1319 1503 1227 1465 1193 1373 1193 1437 1358 1506 1431 1241 1512 1378 1462 1355 1255 1372 1494 1425 1230 1374 1269 1624 1322 1404 1415 1638 1329 1056 1495 1287 
1405 1337 1265 1189 1321 1139 1366 1224 1230 1314 1456 1300 1212 1214 1236 1212 1265 1263 1254 1209 1326 1228 1310 1370 1064 1000 1330 1252 1220 1309 1169 1196 1357 1372 1109 1295 1265 1445 1277 1571 1381 1389 1318 1192 1409 1350 1541 1317 1334 1261 1287 1318 1080 1106 1324 1434 1368 1414 1245 1477 1332 1138 1417 1287 
1373 1229 1232 1149 1337 1148 1259 1145 1193 1267 1384 1381 1245 1261 1155 1201 1381 1348 1230 1202 1412 1064 1251 1389 1053 956 1238 1110 1241 1136 1268 1321 1300 1389 1120 1286 1195 1364 1110 1442 1413 1399 1218 1240 1386 1208 1410 1314 1279 1201 1401 1328 1238 1134 1263 1472 1383 1343 1323 1415 1346 1165 1490 1242 
1379 1368 1339 1037 1385 1150 1184 1086 1318 1252 1476 1392 1236 1255 1217 1251 1363 1286 1319 1197 1468 1126 1422 1301 1036 958 1313 1180 1240 1151 1323 1353 1223 1494 1220 1522 1175 1495 1359 1564 1403 1371 1287 1193 1439 1451 1462 1369 1293 1273 1330 1357 1122 1261 1248 1466 1313 1378 1422 1428 1325 1129 1508 1191 
1122 1259 1184 1063 1342 1126 1125 1024 1220 1114 1380 1116 1112 1106 1234 1170 1213 1104 1279 1137 1342 1071 1194 1165 864 1016 1071 1126 1204 1120 1311 1155 1241 1301 1079 1302 1064 1328 1189 1335 1329 1392 1191 1216 1425 1267 1451 1290 1225 1170 1145 1261 1120 1175 1126 1400 1137 1393 1144 1382 1265 1070 1429 1091 
1282 1307 1381 1205 1340 1248 1267 1232 1143 1234 1490 1324 1360 1360 1318 1283 1416 1191 1251 1190 1628 1163 1336 1415 1212 1141 1277 1093 1244 1243 1308 1252 1293 1488 1071 1413 1239 1483 1253 1480 1506 1568 1441 1335 1529 1322 1491 1419 1320 1308 1316 1359 1323 1227 1192 1584 1375 1455 1341 1625 1445 1186 1453 1359 
1515 1344 1400 1314 1448 1355 1315 1345 1413 1344 1519 1248 1422 1387 1291 1316 1381 1358 1341 1212 1578 1324 1355 1462 1127 1025 1353 1236 1312 1221 1399 1361 1465 1518 1331 1503 1327 1458 1176 1572 1503 1543 1456 1323 1453 1390 1581 1362 1384 1485 1537 1387 1303 1379 1253 1566 1474 1571 1448 1518 1481 1092 1535 1285 
1117 1157 1189 997 1156 1020 1113 1107 1062 1029 1197 1055 855 929 1000 1093 1063 1087 971 944 1225 957 1066 1044 976 991 977 965 1060 1107 1199 1075 1074 1188 1007 1166 1021 1224 1006 1213 1182 1162 1027 965 1308 1153 1273 1066 1218 1180 1202 1149 1017 994 978 1183 1115 1254 1067 1164 1141 974 1243 1107 
1412 1487 1443 1347 1547 1418 1488 1286 1433 1393 1680 1417 1270 1352 1528 1354 1542 1388 1435 1408 1483 1400 1417 1467 1277 1207 1528 1310 1388 1405 1494 1347 1539 1543 1320 1606 1329 1610 1425 1731 1686 1573 1595 1434 1658 1511 1679 1434 1361 1576 1433 1514 1382 1430 1347 1582 1518 1686 1443 1598 1489 1303 1702 1362 
1557 1531 1417 1344 1595 1311 1494 1257 1493 1390 1756 1602 1488 1388 1534 1402 1551 1325 1524 1423 1596 1333 1534 1608 1156 1240 1566 1445 1420 1425 1407 1489 1500 1621 1347 1569 1523 1615 1483 1809 1540 1697 1557 1295 1786 1640 1650 1551 1516 1473 1534 1409 1382 1431 1484 1741 1527 1548 1464 1777 1607 1336 1691 1498 
1687 1679 1711 1503 1799 1543 1743 1515 1662 1541 1825 1683 1492 1672 1756 1644 1729 1518 1711 1600 1887 1473 1610 1629 1357 1375 1645 1528 1588 1550 1649 1615 1661 1672 1456 1728 1672 1791 1591 1855 1820 1846 1696 1552 1941 1777 1992 1620 1581 1685 1745 1688 1566 1718 1624 1854 1668 1807 1616 1906 1708 1471 1849 1496 
1469 1311 1445 1338 1467 1237 1421 1208 1412 1424 1612 1444 1302 1289 1375 1320 1521 1434 1445 1359 1626 1237 1430 1490 1162 1175 1496 1222 1436 1388 1430 1372 1427 1489 1140 1691 1294 1664 1366 1586 1614 1611 1432 1307 1646 1528 1476 1470 1349 1466 1477 1486 1354 1291 1303 1550 1458 1515 1362 1513 1387 1188 1637 1503 
1316 1168 1331 1115 1332 1044 1315 1130 1265 1241 1365 1224 1125 1151 1298 1262 1244 1074 1244 1207 1386 1117 1238 1276 980 1109 1242 1171 1207 1178 1362 1173 1158 1350 915 1460 1087 1347 1216 1390 1295 1422 1266 1231 1401 1327 1496 1381 1209 1290 1257 1335 1103 1261 1309 1349 1294 1324 1297 1482 1314 1013 1317 1113 
1295 1390 1337 1269 1324 1171 1366 1351 1094 1158 1299 1191 1139 1145 1310 1235 1313 1016 1353 1197 1486 1013 1364 1284 926 1124 1147 1254 1277 1197 1317 1334 1234 1353 1102 1387 1248 1387 1190 1420 1373 1426 1279 1115 1352 1335 1430 1300 1202 1182 1381 1353 1322 1284 1232 1500 1420 1467 1262 1467 1376 1071 1406 1161 
1428 1383 1425 1306 1609 1281 1388 1318 1300 1419 1466 1360 1453 1414 1297 1249 1416 1321 1268 1229 1511 1211 1432 1539 1182 1211 1374 1259 1457 1124 1348 1272 1512 1549 1155 1572 1202 1505 1283 1697 1487 1559 1421 1374 1608 1446 1456 1503 1452 1426 1475 1493 1406 1337 1347 1697 1467 1456 1432 1588 1462 1236 1651 1372 
1158 1273 1189 1057 1212 1092 1262 1046 1114 1192 1295 1206 1063 1121 1153 1112 1308 1247 1262 1252 1419 1074 1251 1173 1017 1018 1303 1102 1173 1196 1187 1128 1151 1301 1083 1383 1079 1411 1087 1411 1317 1282 1260 1116 1418 1295 1337 1255 1265 1248 1170 1333 1085 1216 1071 1409 1260 1371 1200 1370 1256 1024 1428 1144 
1254 1354 1344 1168 1323 1145 1176 1070 1158 1245 1498 1289 1301 1187 1248 1120 1348 1129 1262 1136 1435 992 1376 1287 1018 1171 1188 1064 1263 1171 1085 1209 1278 1369 1131 1389 1190 1353 1198 1510 1475 1449 1265 1176 1379 1322 1401 1411 1290 1301 1252 1202 1225 1140 1177 1431 1320 1462 1388 1488 1359 1050 1398 1256 
(naive)

1292 1319 1238 1151 1332 1150 1188 1138 1377 1223 1487 1263 1215 1170 1325 1131 1430 1219 1271 1187 1399 1125 1350 1230 1051 1024 1226 1119 1279 1182 1219 1206 1321 1444 1181 1467 1246 1353 1188 1533 1481 1488 1368 1050 1478 1240 1458 1449 1252 1374 1424 1204 1231 1240 1135 1409 1209 1326 1326 1416 1285 1043 1355 1265 
1158 983 1075 1078 1251 1110 1098 1054 1092 1110 1218 1111 1018 1103 1177 1070 1162 1082 1023 1157 1227 1002 1106 1059 942 873 1053 1047 1025 987 1152 1109 1212 1237 947 1070 987 1189 1037 1286 1316 1168 1252 1128 1272 1117 1369 1092 1103 1167 1172 1192 1127 1137 1100 1278 1228 1165 1115 1247 1198 949 1325 1119 
1219 1150 1173 963 1306 1009 1122 867 1097 1067 1328 1248 971 1124 1149 989 1265 1008 976 1014 1262 930 1176 1027 984 932 1174 977 1119 1011 1053 1095 1181 1105 1009 1299 1079 1215 1135 1324 1228 1125 1243 994 1365 1260 1244 1092 1031 1193 1243 1092 1007 1125 1071 1177 1091 1196 1149 1274 1098 969 1242 1024 
1391 1346 1300 1191 1425 1254 1225 1183 1249 1216 1462 1212 1185 1100 1225 1264 1278 1203 1271 1283 1539 1082 1395 1396 1051 1110 1412 1201 1195 1253 1346 1383 1337 1523 1140 1404 1208 1584 1223 1531 1390 1409 1300 1238 1487 1473 1452 1416 1335 1350 1294 1348 1163 1171 1098 1540 1320 1355 1177 1400 1313 1130 1518 1235 
1418 1384 1502 1312 1509 1343 1304 1281 1200 1307 1436 1357 1249 1294 1270 1324 1398 1229 1330 1328 1714 1253 1450 1373 1153 1238 1367 1217 1293 1395 1425 1495 1440 1513 1132 1480 1174 1619 1261 1506 1620 1498 1407 1305 1501 1470 1553 1462 1389 1376 1353 1526 1309 1283 1219 1663 1406 1482 1379 1659 1371 1140 1554 1426 
1105 1260 1162 927 1258 1022 1119 1082 1066 1056 1299 1107 1025 1125 1142 1247 1028 981 1095 1073 1294 971 1231 1111 933 1022 1081 949 1091 1105 1221 1070 1081 1210 931 1248 1018 1224 1118 1339 1240 1315 1107 1088 1311 1205 1287 1135 1132 1034 1138 1251 1135 1011 1097 1307 1166 1271 1043 1305 1174 938 1258 978 
1500 1474 1387 1318 1485 1366 1429 1372 1499 1420 1573 1500 1398 1380 1448 1461 1564 1362 1481 1336 1630 1359 1448 1628 1136 1340 1412 1295 1297 1354 1559 1424 1481 1621 1324 1497 1377 1585 1468 1651 1574 1624 1363 1362 1624 1502 1661 1549 1463 1503 1636 1495 1426 1417 1374 1778 1605 1674 1520 1719 1517 1348 1664 1381 
1278 1266 1248 1184 1401 1201 1338 1226 1090 1329 1355 1324 1145 1274 1180 1122 1372 1265 1331 1209 1528 1152 1272 1345 1159 979 1324 1110 1160 1192 1218 1164 1290 1375 1101 1315 1156 1361 1107 1456 1374 1411 1308 1155 1406 1330 1495 1355 1226 1268 1326 1293 1041 1147 1105 1406 1244 1380 1227 1447 1174 1127 1461 1210 
1263 1122 1355 1152 1346 1232 1242 1109 1320 1203 1418 1288 1154 1185 1292 1287 1342 1320 1323 1181 1494 1154 1151 1359 1116 1112 1278 1109 1100 1208 1505 1371 1316 1459 1141 1429 1112 1417 1092 1399 1460 1414 1344 1329 1370 1313 1465 1264 1224 1380 1450 1276 1262 1172 1105 1479 1322 1464 1369 1358 1289 1140 1495 1205 
1315 1296 1305 1202 1455 1171 1231 1072 1251 1172 1380 1234 1157 1283 1222 1197 1173 1153 1062 1149 1426 1105 1299 1254 1084 1031 1287 1127 1157 1186 1183 1175 1260 1235 918 1291 1023 1193 1137 1381 1431 1175 1227 1122 1237 1354 1477 1221 1127 1241 1252 1278 1098 1160 1325 1371 1219 1338 1200 1329 1337 1118 1443 1061 
1146 1373 1402 1117 1389 1154 1307 1251 1228 1228 1496 1271 1176 1183 1267 1316 1432 1216 1340 1259 1547 1057 1327 1298 1186 1192 1352 1126 1273 1230 1306 1314 1232 1503 1148 1528 1182 1404 1287 1590 1249 1407 1280 1197 1514 1397 1435 1438 1239 1202 1207 1352 1125 1164 1186 1561 1314 1312 1247 1484 1306 1114 1505 1284 
1050 1272 1177 1000 1368 1198 1043 1112 1085 993 1259 1165 1147 1124 1079 1183 1149 1018 1050 1080 1389 1067 1166 1200 1112 1022 1091 997 1109 1081 1165 1230 1119 1189 1054 1285 1089 1181 969 1316 1263 1320 1233 1162 1417 1180 1376 1219 1136 1082 1272 1248 1130 1063 1091 1403 1180 1307 1109 1380 1151 1016 1354 1213 
1274 1398 1233 1137 1315 1286 1317 1135 1186 1218 1339 1213 1146 1277 1331 1336 1304 1164 1389 1287 1484 1195 1330 1370 1051 1074 1241 1152 1109 1083 1341 1288 1188 1410 1181 1374 1081 1307 1105 1427 1470 1370 1312 1276 1457 1271 1418 1179 1116 1197 1286 1287 1199 1372 1188 1476 1428 1506 1341 1657 1395 1218 1470 1215 
1313 1280 1352 1169 1262 1222 1382 1162 1243 1273 1468 1237 1206 1208 1320 1245 1281 1243 1278 1219 1473 1133 1298 1304 981 1039 1213 1209 1232 1155 1231 1074 1342 1367 1082 1342 1217 1324 1267 1506 1391 1413 1331 1208 1394 1241 1441 1247 1284 1177 1374 1265 1217 1255 1283 1425 1445 1366 1303 1536 1304 1190 1431 1204 
1442 1287 1402 1300 1514 1295 1339 1196 1494 1409 1591 1462 1305 1325 1352 1328 1376 1332 1294 1317 1629 1394 1415 1455 1146 1294 1360 1326 1260 1280 1467 1357 1410 1470 1250 1427 1266 1481 1300 1623 1577 1600 1487 1329 1591 1488 1641 1513 1467 1410 1604 1441 1363 1292 1374 1693 1325 1588 1421 1619 1473 1232 1425 1401 
1120 1325 1175 1028 1338 1123 1277 1007 1245 1209 1359 1299 1116 1250 1271 1220 1320 1163 1367 1269 1444 1106 1256 1269 1002 1073 1208 1059 1189 1243 1272 1117 1235 1319 1047 1398 1147 1358 1107 1363 1466 1374 1217 1148 1344 1310 1399 1249 1201 1226 1286 1272 1235 1250 1081 1417 1294 1407 1280 1456 1194 1051 1447 1188 
1279 1078 1105 1019 1267 1018 1102 1067 1117 1097 1206 1211 1051 1197 1128 1206 1177 1069 1087 1075 1333 1050 1100 1187 970 924 1283 1093 1109 1038 1302 1107 1199 1208 1032 1257 1032 1363 1186 1308 1266 1301 1219 1171 1422 1293 1306 1181 1082 1158 1210 1287 1115 998 1017 1381 1122 1296 1067 1440 1093 1034 1175 1132 
1530 1417 1552 1415 1619 1391 1554 1417 1401 1442 1613 1353 1440 1436 1482 1425 1431 1416 1510 1482 1774 1186 1555 1580 1112 1317 1500 1439 1476 1217 1497 1553 1526 1581 1220 1746 1383 1716 1330 1698 1662 1700 1523 1539 1652 1582 1601 1550 1457 1487 1651 1602 1525 1477 1397 1780 1612 1694 1521 1610 1566 1227 1678 1323 
1434 1316 1263 1090 1284 1182 1303 1250 1225 1285 1456 1239 1100 1247 1243 1215 1255 1204 1245 1101 1412 1061 1274 1470 1078 1090 1334 1005 1169 1147 1205 1204 1243 1332 1134 1276 1206 1357 1091 1502 1284 1341 1246 1168 1335 1326 1353 1333 1205 1238 1342 1215 1117 1081 1177 1392 1385 1391 1242 1347 1217 1104 1293 1216 
1372 1140 1278 1195 1317 1185 1344 1207 1326 1306 1417 1246 1173 1221 1311 1323 1355 1238 1285 1210 1449 1176 1300 1415 1112 1086 1264 1146 1188 1216 1336 1238 1309 1409 1010 1371 1263 1490 1355 1494 1503 1596 1313 1244 1544 1311 1537 1383 1186 1314 1421 1308 1209 1157 1272 1545 1270 1399 1248 1493 1356 1237 1343 1270 
1494 1521 1459 1296 1521 1366 1363 1297 1289 1421 1587 1301 1296 1440 1305 1355 1501 1321 1356 1282 1633 1320 1425 1504 1241 1260 1363 1169 1265 1284 1446 1466 1431 1526 1400 1390 1294 1524 1242 1677 1506 1529 1316 1415 1552 1357 1545 1387 1570 1474 1537 1492 1457 1247 1257 1735 1469 1608 1435 1586 1467 1242 1574 1346 
1381 1463 1277 1285 1496 1292 1275 1342 1535 1413 1604 1371 1435 1394 1415 1358 1496 1361 1457 1292 1592 1360 1476 1504 1103 1169 1406 1266 1352 1278 1376 1384 1419 1580 1310 1670 1371 1439 1292 1691 1600 1590 1334 1233 1641 1415 1575 1566 1453 1418 1554 1433 1360 1279 1218 1724 1393 1572 1449 1544 1394 1192 1560 1456 
1254 1350 1349 1173 1321 1160 1360 1051 1247 1193 1458 1263 1194 1310 1182 1043 1318 1333 1228 1102 1450 1078 1291 1255 1114 988 1292 1136 1140 1202 1266 1239 1245 1275 1206 1336 1197 1309 1119 1571 1396 1374 1312 1155 1370 1376 1436 1201 1196 1325 1419 1283 1199 1191 1218 1359 1303 1518 1311 1377 1361 1114 1417 1166 
1290 1388 1155 1185 1427 1174 1225 1139 1326 1331 1472 1222 1232 1302 1181 1193 1417 1337 1292 1325 1366 1197 1360 1345 1060 1100 1344 1094 1237 1073 1212 1241 1362 1411 1115 1409 1189 1453 1150 1540 1480 1495 1238 1193 1430 1356 1466 1508 1384 1441 1474 1305 1261 1291 1167 1446 1231 1378 1328 1417 1441 1092 1500 1232 
921 1017 1016 914 1140 1026 980 860 951 930 1089 900 1011 1059 968 950 951 947 1008 933 1131 932 906 916 774 820 973 936 874 868 954 873 1047 1004 787 1094 898 968 816 1140 1105 1105 1023 965 1140 1123 1221 922 983 969 1098 1003 959 901 941 1145 988 1182 903 1198 995 852 1235 1012 
1313 1210 1134 1016 1153 1065 1123 1091 1108 1192 1328 1192 1031 1070 1033 1042 1144 1099 1235 1167 1429 1023 1293 1301 943 984 1160 1047 1012 1093 1169 1271 1027 1391 1028 1255 1068 1360 973 1370 1245 1317 1056 1198 1272 1226 1224 1259 1189 1162 1188 1216 1067 1055 1104 1277 1298 1302 1281 1240 1213 941 1264 1164 
1412 1399 1581 1385 1592 1329 1583 1443 1489 1394 1612 1453 1323 1386 1351 1477 1360 1415 1414 1362 1622 1219 1326 1604 1204 1406 1451 1268 1455 1405 1453 1420 1446 1463 1117 1531 1275 1546 1243 1675 1603 1652 1426 1532 1485 1512 1645 1459 1380 1435 1456 1413 1369 1346 1376 1590 1598 1706 1433 1534 1504 1148 1551 1369 
1392 1385 1374 1277 1591 1300 1407 1295 1320 1310 1442 1457 1324 1203 1427 1316 1323 1255 1424 1329 1541 1133 1365 1443 994 1203 1379 1346 1351 1247 1386 1292 1389 1450 1248 1503 1284 1551 1322 1490 1588 1551 1391 1266 1596 1552 1607 1473 1463 1437 1421 1328 1342 1347 1282 1578 1430 1628 1398 1571 1383 1225 1582 1396 
1381 1428 1310 1207 1468 1242 1295 1214 1212 1294 1508 1314 1194 1334 1325 1279 1463 1286 1427 1309 1572 1292 1371 1335 1046 1148 1357 1304 1228 1235 1446 1435 1495 1441 1151 1475 1195 1529 1251 1622 1552 1582 1434 1268 1664 1458 1584 1508 1341 1265 1362 1457 1289 1323 1213 1542 1331 1551 1279 1615 1396 1154 1482 1312 
1176 1321 1237 1162 1330 1142 1119 1190 1163 1128 1380 1287 1166 1115 1264 1134 1364 1117 1248 1224 1331 1111 1209 1335 997 1166 1391 1189 1148 1159 1318 1217 1287 1396 989 1361 1031 1383 1224 1353 1388 1428 1149 1131 1480 1349 1367 1440 1184 1288 1166 1308 1222 1190 1103 1416 1191 1384 1211 1459 1249 1154 1354 1213 
1401 1542 1334 1278 1426 1323 1341 1329 1321 1274 1581 1364 1110 1329 1351 1397 1356 1347 1307 1453 1520 1244 1429 1423 1149 1207 1505 1281 1291 1445 1302 1359 1436 1475 1048 1448 1239 1598 1247 1626 1623 1389 1414 1394 1465 1488 1684 1534 1365 1440 1282 1505 1197 1305 1307 1452 1498 1519 1306 1470 1450 1252 1544 1316 
1243 1249 1248 1099 1202 1001 1229 1062 1165 1121 1426 1335 1036 1037 1180 1010 1178 1223 1206 1078 1327 1056 1210 1201 939 920 1128 1175 1136 1216 1213 1246 1327 1272 1170 1264 1168 1348 1246 1416 1402 1320 1246 1083 1378 1326 1388 1260 1278 1159 1113 1244 1130 1111 1124 1236 1199 1458 1228 1233 1327 1086 1288 1078 
1292 1116 1190 1265 1335 1185 1194 1073 1175 1226 1201 1153 1255 1178 1151 1204 1256 1185 1297 1126 1378 1139 1294 1305 877 990 1181 1091 1181 904 1213 1224 1198 1344 1020 1368 1063 1397 1235 1345 1417 1343 1159 1237 1325 1273 1354 1208 1078 1192 1270 1277 1242 1174 1078 1409 1286 1334 1213 1364 1289 1057 1401 1082 
1046 1150 1239 987 1216 1042 1203 1122 1159 1122 1343 1246 1152 1118 1235 1250 1198 1104 1272 1173 1419 1072 1192 1123 998 1014 1150 1062 1139 1066 1343 1209 1012 1310 1077 1410 1050 1335 1080 1319 1395 1447 1089 1252 1377 1273 1351 1226 1237 1114 1138 1320 1163 1115 1081 1365 1184 1369 1263 1350 1324 1004 1303 1110 
1186 1278 1285 1090 1337 1227 1193 1053 1113 1196 1382 1353 1115 1141 1205 1150 1416 1238 1214 1186 1322 1219 1125 1206 1115 1008 1344 1137 1150 1164 1194 1201 1285 1218 1098 1397 1029 1315 1070 1326 1427 1245 1277 1216 1313 1335 1453 1313 1211 1327 1190 1280 1058 1328 1149 1306 1232 1422 1340 1450 1278 1122 1451 1232 
1469 1455 1401 1324 1529 1330 1455 1329 1393 1385 1607 1347 1263 1416 1463 1350 1478 1244 1488 1312 1748 1229 1482 1394 1098 1125 1209 1363 1375 1289 1356 1470 1421 1543 1276 1510 1378 1512 1420 1550 1526 1583 1457 1229 1669 1535 1660 1373 1392 1346 1476 1500 1349 1389 1289 1661 1378 1529 1320 1584 1381 1212 1508 1371 
1070 1035 1068 1050 1288 1013 1118 1059 1162 1058 1121 1056 1107 1018 1043 1085 1115 1130 1117 1040 1213 961 1065 1069 854 845 1044 1002 1086 855 1065 1091 1037 1177 1002 1129 956 1077 903 1154 1154 1177 1049 1026 1239 1048 1208 1015 1007 1008 1232 1064 1045 1133 1039 1254 1115 1159 1072 1229 1130 823 1219 955 
1349 1400 1410 1235 1275 1335 1437 1185 1365 1348 1625 1465 1243 1249 1477 1354 1523 1295 1400 1356 1594 1310 1389 1341 1170 1245 1349 1200 1176 1416 1369 1223 1326 1507 1145 1420 1281 1452 1460 1614 1637 1516 1302 1333 1577 1382 1659 1497 1358 1455 1395 1329 1277 1273 1369 1539 1434 1566 1432 1696 1453 1349 1467 1420 
1298 1276 1255 1078 1254 1082 1202 1038 1215 1099 1529 1197 1181 1356 1241 1331 1257 1064 1159 1157 1432 1179 1139 1245 1046 1091 1248 1086 1205 1134 1206 1156 1287 1237 1172 1247 1291 1331 1123 1418 1371 1472 1429 1317 1458 1260 1430 1173 1277 1253 1321 1337 1197 1156 1079 1414 1213 1403 1084 1535 1289 1081 1256 1137 
1297 1422 1400 1382 1546 1345 1442 1312 1314 1360 1382 1424 1434 1323 1370 1366 1503 1259 1429 1350 1652 1375 1437 1351 1076 1189 1342 1281 1354 1336 1478 1213 1415 1482 1261 1567 1281 1564 1430 1508 1681 1603 1478 1263 1594 1457 1624 1474 1390 1410 1517 1473 1433 1481 1246 1724 1378 1679 1428 1778 1555 1246 1594 1327 
1255 1311 1271 1249 1524 1203 1336 1072 1297 1310 1458 1359 1292 1236 1284 1140 1293 1280 1249 1262 1408 1138 1391 1306 1068 1175 1304 1214 1305 1242 1391 1173 1309 1275 1167 1400 1217 1497 1235 1528 1461 1527 1386 1230 1487 1443 1592 1285 1222 1381 1455 1409 1303 1309 1254 1491 1276 1588 1281 1458 1434 1113 1558 1168 
1369 1379 1345 1312 1510 1268 1287 1257 1250 1293 1486 1400 1319 1348 1305 1332 1483 1268 1394 1334 1574 1252 1352 1427 1113 1111 1420 1296 1233 1204 1421 1392 1490 1590 1205 1539 1247 1441 1283 1575 1583 1469 1443 1309 1451 1476 1536 1524 1336 1391 1406 1420 1342 1339 1220 1596 1397 1524 1451 1552 1531 1262 1632 1274 
1397 1254 1204 1195 1360 1180 1259 1192 1207 1243 1396 1387 1208 1217 1143 1054 1350 1250 1271 1326 1543 1140 1263 1328 1022 889 1408 1265 1240 1113 1241 1219 1366 1259 1152 1479 1141 1515 1207 1504 1472 1584 1342 1291 1442 1358 1470 1430 1251 1356 1360 1334 1225 1321 1104 1343 1309 1510 1281 1504 1282 1081 1332 1167 
1213 1146 1124 1077 1227 1011 1195 1152 1262 1186 1472 1157 1085 1097 1255 1279 1230 1125 1219 1185 1326 1045 1263 1290 894 1100 1237 1072 1153 1113 1329 1221 1228 1384 983 1302 1154 1374 1156 1410 1321 1465 1209 1168 1202 1190 1444 1356 1046 1171 1240 1131 1077 1109 1003 1289 1150 1308 1188 1261 1266 990 1192 1003 
1095 1131 1095 1083 1170 1055 1016 1063 1007 1055 1077 1040 990 983 1103 1016 1049 926 1035 1041 1248 892 1151 1096 752 960 1044 1018 1062 934 977 959 1094 1207 880 1239 968 1137 1049 1243 1144 1150 1059 959 1201 1129 1175 1271 1066 1156 1009 1070 1093 1059 958 1174 1167 1179 1157 1253 1088 896 1247 1048 
1188 1119 1148 1224 1326 1058 1212 1156 1284 1246 1358 1270 1121 1119 1233 1297 1360 1296 1249 1174 1489 1102 1265 1261 968 1138 1262 1073 1181 1099 1338 1238 1235 1342 1058 1388 1084 1336 1201 1371 1402 1415 1208 1158 1439 1237 1377 1405 1110 1171 1377 1262 1145 1160 1062 1432 1171 1355 1206 1349 1236 1080 1304 1146 
1087 1076 1074 1063 1225 861 1064 987 1092 1058 1202 1111 1028 1094 1101 1012 1243 1012 1107 1025 1108 940 1078 1182 881 1004 1134 1037 1227 884 1069 1002 1130 1227 986 1181 1031 1124 1055 1220 1102 1310 1142 965 1206 1113 1212 1178 1041 1152 1087 1032 993 1101 981 1219 1073 1170 1172 1232 1080 915 1136 993 
1347 1260 1434 1256 1496 1281 1360 1207 1292 1363 1400 1162 1309 1265 1307 1289 1459 1155 1423 1187 1627 1208 1351 1311 1104 1168 1202 1179 1221 1220 1378 1239 1319 1503 1227 1465 1193 1373 1193 1437 1358 1506 1431 1241 1512 1378 1462 1355 1255 1372 1494 1425 1230 1374 1269 1624 1322 1404 1415 1638 1329 1056 1495 1287 
1405 1337 1265 1189 1321 1139 1366 1224 1230 1314 1456 1300 1212 1214 1236 1212 1265 1263 1254 1209 1326 1228 1310 1370 1064 1000 1330 1252 1220 1309 1169 1196 1357 1372 1109 1295 1265 1445 1277 1571 1381 1389 1318 1192 1409 1350 1541 1317 1334 1261 1287 1318 1080 1106 1324 1434 1368 1414 1245 1477 1332 1138 1417 1287 
1373 1229 1232 1149 1337 1148 1259 1145 1193 1267 1384 1381 1245 1261 1155 1201 1381 1348 1230 1202 1412 1064 1251 1389 1053 956 1238 1110 1241 1136 1268 1321 1300 1389 1120 1286 1195 1364 1110 1442 1413 1399 1218 1240 1386 1208 1410 1314 1279 1201 1401 1328 1238 1134 1263 1472 1383 1343 1323 1415 1346 1165 1490 1242 
1379 1368 1339 1037 1385 1150 1184 1086 1318 1252 1476 1392 1236 1255 1217 1251 1363 1286 1319 1197 1468 1126 1422 1301 1036 958 1313 1180 1240 1151 1323 1353 1223 1494 1220 1522 1175 1495 1359 1564 1403 1371 1287 1193 1439 1451 1462 1369 1293 1273 1330 1357 1122 1261 1248 1466 1313 1378 1422 1428 1325 1129 1508 1191 
1122 1259 1184 1063 1342 1126 1125 1024 1220 1114 1380 1116 1112 1106 1234 1170 1213 1104 1279 1137 1342 1071 1194 1165 864 1016 1071 1126 1204 1120 1311 1155 1241 1301 1079 1302 1064 1328 1189 1335 1329 1392 1191 1216 1425 1267 1451 1290 1225 1170 1145 1261 1120 1175 1126 1400 1137 1393 1144 1382 1265 1070 1429 1091 
1282 1307 1381 1205 1340 1248 1267 1232 1143 1234 1490 1324 1360 1360 1318 1283 1416 1191 1251 1190 1628 1163 1336 1415 1212 1141 1277 1093 1244 1243 1308 1252 1293 1488 1071 1413 1239 1483 1253 1480 1506 1568 1441 1335 1529 1322 1491 1419 1320 1308 1316 1359 1323 1227 1192 1584 1375 1455 1341 1625 1445 1186 1453 1359 
1515 1344 1400 1314 1448 1355 1315 1345 1413 1344 1519 1248 1422 1387 1291 1316 1381 1358 1341 1212 1578 1324 1355 1462 1127 1025 1353 1236 1312 1221 1399 1361 1465 1518 1331 1503 1327 1458 1176 1572 1503 1543 1456 1323 1453 1390 1581 1362 1384 1485 1537 1387 1303 1379 1253 1566 1474 1571 1448 1518 1481 1092 1535 1285 
1117 1157 1189 997 1156 1020 1113 1107 1062 1029 1197 1055 855 929 1000 1093 1063 1087 971 944 1225 957 1066 1044 976 991 977 965 1060 1107 1199 1075 1074 1188 1007 1166 1021 1224 1006 1213 1182 1162 1027 965 1308 1153 1273 1066 1218 1180 1202 1149 1017 994 978 1183 1115 1254 1067 1164 1141 974 1243 1107 
1412 1487 1443 1347 1547 1418 1488 1286 1433 1393 1680 1417 1270 1352 1528 1354 1542 1388 1435 1408 1483 1400 1417 1467 1277 1207 1528 1310 1388 1405 1494 1347 1539 1543 1320 1606 1329 1610 1425 1731 1686 1573 1595 1434 1658 1511 1679 1434 1361 1576 1433 1514 1382 1430 1347 1582 1518 1686 1443 1598 1489 1303 1702 1362 
1557 1531 1417 1344 1595 1311 1494 1257 1493 1390 1756 1602 1488 1388 1534 1402 1551 1325 1524 1423 1596 1333 1534 1608 1156 1240 1566 1445 1420 1425 1407 1489 1500 1621 1347 1569 1523 1615 1483 1809 1540 1697 1557 1295 1786 1640 1650 1551 1516 1473 1534 1409 1382 1431 1484 1741 1527 1548 1464 1777 1607 1336 1691 1498 
1687 1679 1711 1503 1799 1543 1743 1515 1662 1541 1825 1683 1492 1672 1756 1644 1729 1518 1711 1600 1887 1473 1610 1629 1357 1375 1645 1528 1588 1550 1649 1615 1661 1672 1456 1728 1672 1791 1591 1855 1820 1846 1696 1552 1941 1777 1992 1620 1581 1685 1745 1688 1566 1718 1624 1854 1668 1807 1616 1906 1708 1471 1849 1496 
1469 1311 1445 1338 1467 1237 1421 1208 1412 1424 1612 1444 1302 1289 1375 1320 1521 1434 1445 1359 1626 1237 1430 1490 1162 1175 1496 1222 1436 1388 1430 1372 1427 1489 1140 1691 1294 1664 1366 1586 1614 1611 1432 1307 1646 1528 1476 1470 1349 1466 1477 1486 1354 1291 1303 1550 1458 1515 1362 1513 1387 1188 1637 1503 
1316 1168 1331 1115 1332 1044 1315 1130 1265 1241 1365 1224 1125 1151 1298 1262 1244 1074 1244 1207 1386 1117 1238 1276 980 1109 1242 1171 1207 1178 1362 1173 1158 1350 915 1460 1087 1347 1216 1390 1295 1422 1266 1231 1401 1327 1496 1381 1209 1290 1257 1335 1103 1261 1309 1349 1294 1324 1297 1482 1314 1013 1317 1113 
1295 1390 1337 1269 1324 1171 1366 1351 1094 1158 1299 1191 1139 1145 1310 1235 1313 1016 1353 1197 1486 1013 1364 1284 926 1124 1147 1254 1277 1197 1317 1334 1234 1353 1102 1387 1248 1387 1190 1420 1373 1426 1279 1115 1352 1335 1430 1300 1202 1182 1381 1353 1322 1284 1232 1500 1420 1467 1262 1467 1376 1071 1406 1161 
1428 1383 1425 1306 1609 1281 1388 1318 1300 1419 1466 1360 1453 1414 1297 1249 1416 1321 1268 1229 1511 1211 1432 1539 1182 1211 1374 1259 1457 1124 1348 1272 1512 1549 1155 1572 1202 1505 1283 1697 1487 1559 1421 1374 1608 1446 1456 1503 1452 1426 1475 1493 1406 1337 1347 1697 1467 1456 1432 1588 1462 1236 1651 1372 
1158 1273 1189 1057 1212 1092 1262 1046 1114 1192 1295 1206 1063 1121 1153 1112 1308 1247 1262 1252 1419 1074 1251 1173 1017 1018 1303 1102 1173 1196 1187 1128 1151 1301 1083 1383 1079 1411 1087 1411 1317 1282 1260 1116 1418 1295 1337 1255 1265 1248 1170 1333 1085 1216 1071 1409 1260 1371 1200 1370 1256 1024 1428 1144 
1254 1354 1344 1168 1323 1145 1176 1070 1158 1245 1498 1289 1301 1187 1248 1120 1348 1129 1262 1136 1435 992 1376 1287 1018 1171 1188 1064 1263 1171 1085 1209 1278 1369 1131 1389 1190 1353 1198 1510 1475 1449 1265 1176 1379 1322 1401 1411 1290 1301 1252 1202 1225 1140 1177 1431 1320 1462 1388 1488 1359 1050 1398 1256 
(strassen)

